STATIONS_ID;MESS_DATUM_BEGINN;MESS_DATUM_ENDE;QN_4;MO_N;MO_TT;MO_TX;MO_TN;MO_FK;MX_TX;MX_FX;MX_TN;MO_SD_S;QN_6;MO_RR;MX_RS;eor
        430;19630101;19630131;    5;  5.67;  -7.84;   -4.61;  -12.02;    2.32;   3.4;  -999; -24.4;-999;    5;     9.6;    2.9;eor
        430;19630201;19630228;    5;  6.24;  -5.30;   -1.59;   -9.47;    1.93;   2.3;  -999; -19.6;-999;    5;     4.9;    1.6;eor
        430;19630301;19630331;    5;  5.71;   2.75;    7.45;   -1.45;    2.68;  13.1;  -999; -13.6;-999;    5;    18.2;    4.0;eor
        430;19630401;19630430;    5;  5.21;   9.05;   13.39;    4.63;    2.24;  20.1;  -999;  -3.7;-999;    5;    65.1;   15.0;eor
        430;19630501;19630531;    5;  4.95;  14.07;   18.67;    8.69;    2.37;  26.2;  -999;   1.9;-999;    5;    50.0;   28.4;eor
        430;19630601;19630630;    5;  4.76;  18.20;   23.52;   12.08;    2.52;  32.5;  -999;   5.6;-999;    5;    31.3;   11.9;eor
        430;19630701;19630731;    5;  4.13;  19.90;   25.20;   13.66;    2.05;  33.2;  -999;   7.8;-999;    5;    37.9;   14.5;eor
        430;19630801;19630831;    5;  5.62;  18.06;   22.96;   13.54;    2.37;  35.0;  -999;   6.8;-999;    5;    72.5;   13.9;eor
        430;19630901;19630930;    5;  4.57;  14.83;   20.12;    9.82;    1.92;  26.0;  -999;   4.9;-999;    5;    52.3;   25.6;eor
        430;19631001;19631031;    5;  4.92;   9.14;   13.15;    5.64;    2.57;  21.2;  -999;  -1.4;-999;    5;    18.1;    7.2;eor
        430;19631101;19631130;    5;  6.46;   8.14;   10.63;    5.63;    3.17;  15.1;  -999;   0.7;-999;    5;    97.7;   16.7;eor
        430;19631201;19631231;    5;  5.99;  -2.57;   -0.19;   -5.31;    2.08;   6.2;  -999; -14.6;-999;    5;     6.5;    3.2;eor
        430;19640101;19640131;    5;  5.51;  -2.29;    0.37;   -5.38;    2.38;   4.7;  -999; -16.0;-999;    5;    17.2;    3.5;eor
        430;19640201;19640229;    5;  5.09;   0.16;    3.44;   -3.10;    3.07;   9.4;  -999; -14.0;-999;    5;    18.1;    4.2;eor
        430;19640301;19640331;    5;  5.39;   0.20;    3.30;   -2.98;    2.44;  10.4;  -999; -11.3;-999;    5;    33.9;   12.1;eor
        430;19640401;19640430;    5;  5.55;   9.69;   13.97;    4.96;    2.64;  24.4;  -999;  -2.4;-999;    5;    41.4;    7.5;eor
        430;19640501;19640531;    5;  4.80;  14.68;   19.45;    8.79;    2.53;  29.0;  -999;   3.5;-999;    5;    61.3;   15.2;eor
        430;19640601;19640630;    5;  3.99;  19.26;   24.73;   13.11;    2.43;  33.3;  -999;   7.4;-999;    5;    49.2;   21.1;eor
        430;19640701;19640731;    5;  4.65;  19.45;   24.60;   13.45;    2.48;  33.8;  -999;   6.6;-999;    5;    35.9;   15.4;eor
        430;19640801;19640831;    5;  5.02;  16.78;   21.50;   11.79;    2.30;  32.8;  -999;   4.0;-999;    5;    76.7;   21.8;eor
        430;19640901;19640930;    5;  4.21;  14.20;   19.70;    9.69;    2.60;  30.0;  -999;   1.4;-999;    5;    41.0;   11.4;eor
        430;19641001;19641031;    5;  5.57;   8.02;   11.65;    4.71;    2.42;  20.6;  -999;  -1.3;-999;    5;    44.4;    9.7;eor
        430;19641101;19641130;    5;  6.57;   5.36;    7.57;    3.15;    2.80;  13.4;  -999;  -4.3;-999;    5;    37.3;    7.5;eor
        430;19641201;19641231;    5;  6.94;   1.46;    3.21;   -0.82;    2.32;  13.0;  -999;  -8.3;-999;    5;    25.8;    5.5;eor
        430;19650101;19650131;    5;  6.71;   1.82;    3.75;   -0.26;    2.46;   9.8;  -999;  -6.9;-999;    5;    50.9;   11.2;eor
        430;19650201;19650228;    5;  6.48;  -1.18;    0.96;   -4.11;    2.88;   5.2;  -999; -13.3;-999;    5;    17.8;    2.4;eor
        430;19650301;19650331;    5;  5.08;   2.33;    6.22;   -1.94;    2.36;  14.7;  -999; -17.8;-999;    5;    31.5;   10.4;eor
        430;19650401;19650430;    5;  6.08;   7.91;   11.88;    3.86;    2.46;  18.4;  -999;  -1.4;-999;    5;    77.6;   13.5;eor
        430;19650501;19650531;    5;  5.29;  12.24;   16.17;    7.31;    2.63;  22.4;  -999;   0.6;-999;    5;    52.6;   13.0;eor
        430;19650601;19650630;    5;  5.10;  17.35;   22.05;   11.58;    2.67;  28.8;  -999;   5.9;-999;    5;    67.6;   21.4;eor
        430;19650701;19650731;    5;  5.94;  15.92;   20.52;   12.10;    2.85;  29.4;  -999;   7.3;-999;    5;   111.3;   28.1;eor
        430;19650801;19650831;    5;  4.43;  16.35;   21.68;   10.27;    1.95;  29.3;  -999;   5.6;-999;    5;    32.4;   14.1;eor
        430;19650901;19650930;    5;  4.71;  14.56;   19.68;   10.17;    2.27;  26.2;  -999;   5.0;-999;    5;    58.9;   24.2;eor
        430;19651001;19651031;    5;  4.35;   8.53;   13.98;    3.82;    1.88;  23.0;  -999;  -3.6;-999;    5;    16.5;    7.2;eor
        430;19651101;19651130;    5;  6.43;   0.78;    3.11;   -1.85;    2.85;  13.2;  -999; -17.0;-999;    5;    45.1;   10.8;eor
        430;19651201;19651231;    5;  6.87;   2.75;    4.97;    0.55;    3.15;  12.8;  -999;  -7.4;-999;    5;    68.4;   15.0;eor
        430;19660101;19660131;    5;  6.97;  -2.86;   -0.67;   -5.74;    2.36;   9.3;  -999; -13.6;-999;    5;    39.7;   12.0;eor
        430;19660201;19660228;    5;  6.59;   1.19;    4.24;   -1.91;    2.68;  15.2;  -999; -16.4;-999;    5;    66.1;   12.8;eor
        430;19660301;19660331;    5;  5.79;   3.81;    7.24;    0.79;    3.02;  10.9;  -999;  -6.6;-999;    5;    42.2;    6.7;eor
        430;19660401;19660430;    5;  5.81;   9.29;   13.50;    4.80;    2.33;  22.3;  -999;  -1.0;-999;    5;    35.3;    9.0;eor
        430;19660501;19660531;    5;  4.61;  14.60;   19.34;    8.96;    2.44;  28.5;  -999;   3.5;-999;    5;    27.5;   11.6;eor
        430;19660601;19660630;    5;  4.94;  18.78;   23.57;   13.80;    2.35;  30.8;  -999;   6.0;-999;    5;   187.6;   47.3;eor
        430;19660701;19660731;    5;  5.52;  17.56;   22.46;   13.26;    2.37;  29.4;  -999;   9.4;-999;    5;    72.6;   17.9;eor
        430;19660801;19660831;    5;  5.16;  17.29;   21.69;   12.45;    2.49;  32.3;  -999;   5.6;-999;    5;   108.7;   20.4;eor
        430;19660901;19660930;    5;  4.79;  13.37;   18.07;    8.92;    2.47;  27.4;  -999;   1.6;-999;    5;    26.5;    6.7;eor
        430;19661001;19661031;    5;  5.92;  11.85;   15.20;    9.05;    2.23;  27.6;  -999;  -3.4;-999;    5;    24.2;   11.9;eor
        430;19661101;19661130;    5;  6.48;   3.23;    5.56;    0.83;    2.44;  13.2;  -999;  -5.0;-999;    5;    40.5;    9.2;eor
        430;19661201;19661231;    5;  7.13;   2.53;    4.15;    0.46;    2.87;  11.4;  -999;  -5.6;-999;    5;    81.4;    8.7;eor
        430;19670101;19670131;    5;  6.64;   0.66;    3.05;   -1.77;    2.62;   8.9;  -999; -15.3;-999;    5;    60.0;   17.7;eor
        430;19670201;19670228;    5;  5.62;   3.40;    6.22;    0.99;    3.24;  13.3;  -999;  -7.2;-999;    5;    64.5;   15.8;eor
        430;19670301;19670331;    5;  5.37;   6.54;   10.48;    3.01;    3.52;  18.1;  -999;   0.0;-999;    5;    47.4;    7.4;eor
        430;19670401;19670430;    5;  5.21;   7.35;   11.89;    2.65;    2.73;  18.5;  -999;  -3.2;-999;    5;    21.7;    4.4;eor
        430;19670501;19670531;    5;  4.95;  14.72;   19.63;    9.31;    2.48;  29.4;  -999;   2.1;-999;    5;    61.3;   15.0;eor
        430;19670601;19670630;    5;  4.94;  16.36;   20.89;   10.98;    2.37;  28.4;  -999;   5.7;-999;    5;    98.2;   16.4;eor
        430;19670701;19670731;    5;  4.28;  20.44;   25.04;   14.59;    1.95;  30.4;  -999;   9.1;-999;    5;    51.0;   13.1;eor
        430;19670801;19670831;    5;  4.83;  17.83;   22.76;   13.25;    2.24;  32.6;  -999;   8.8;-999;    5;    48.3;   12.6;eor
        430;19670901;19670930;    5;  5.83;  15.67;   19.90;   12.23;    2.01;  25.7;  -999;   8.3;-999;    5;    48.4;    8.4;eor
        430;19671001;19671031;    5;  5.66;  12.14;   16.15;    8.77;    3.00;  23.6;  -999;  -0.1;-999;    5;    32.3;    9.3;eor
        430;19671101;19671130;    5;  5.82;   4.99;    7.66;    2.11;    2.65;  13.0;  -999;  -5.0;-999;    5;    39.3;   12.3;eor
        430;19671201;19671231;    5;  6.75;   1.30;    3.16;   -1.18;    3.11;  11.2;  -999; -10.7;-999;    5;    61.9;   12.8;eor
        430;19680101;19680131;    5;  6.62;  -0.87;    1.41;   -3.76;    2.95;   9.6;  -999; -18.4;-999;    5;    43.3;   16.5;eor
        430;19680201;19680229;    5;  6.35;   0.82;    3.32;   -1.81;    2.31;   8.4;  -999; -13.0;-999;    5;    19.7;    6.5;eor
        430;19680301;19680331;    5;  5.06;   5.25;    9.44;    1.54;    3.11;  24.8;  -999;  -8.6;-999;    5;    29.1;    6.4;eor
        430;19680401;19680430;    5;  4.07;  10.89;   16.12;    4.96;    2.42;  31.2;  -999;  -4.2;-999;    5;    14.9;    6.3;eor
        430;19680501;19680531;    5;  5.55;  12.01;   16.35;    7.19;    2.59;  23.7;  -999;   1.8;-999;    5;    78.0;   24.5;eor
        430;19680601;19680630;    5;  4.52;  18.84;   23.86;   13.22;    2.66;  33.2;  -999;   8.4;-999;    5;    32.7;    8.2;eor
        430;19680701;19680731;    5;  4.61;  17.93;   22.95;   12.14;    2.23;  31.9;  -999;   6.6;-999;    5;    48.5;   13.4;eor
        430;19680801;19680831;    5;  4.88;  18.85;   23.90;   13.86;    2.41;  28.6;  -999;   6.9;-999;    5;    32.5;   10.0;eor
        430;19680901;19680930;    5;  5.16;  14.62;   18.96;   10.74;    2.17;  26.2;  -999;   3.9;-999;    5;   139.3;   48.2;eor
        430;19681001;19681031;    5;  6.12;  10.45;   13.85;    7.32;    2.45;  19.8;  -999;  -1.2;-999;    5;    42.0;   11.6;eor
        430;19681101;19681130;    5;  6.70;   4.61;    6.64;    2.75;    2.25;  20.6;  -999;  -6.0;-999;    5;    63.9;   25.7;eor
        430;19681201;19681231;    5;  6.12;  -1.65;    0.05;   -3.39;    2.17;   6.4;  -999;  -9.8;-999;    5;    23.5;    8.1;eor
        430;19690101;19690131;    5;  6.74;  -0.55;    1.75;   -3.18;    2.61;   7.9;  -999; -13.6;-999;    5;    36.1;   10.4;eor
        430;19690201;19690228;    5;  5.82;  -2.44;    0.22;   -5.05;    2.55;   9.4;  -999; -16.2;-999;    5;    34.6;   16.6;eor
        430;19690301;19690331;    5;  5.41;  -0.22;    2.71;   -3.23;    3.01;   8.6;  -999;  -8.8;-999;    5;    31.5;   10.3;eor
        430;19690401;19690430;    5;  5.00;   7.73;   12.42;    3.23;    2.58;  22.6;  -999;  -3.6;-999;    5;    66.7;    8.8;eor
        430;19690501;19690531;    5;  5.78;  14.08;   18.94;    9.61;    2.34;  29.9;  -999;   0.6;-999;    5;    61.0;   17.0;eor
        430;19690601;19690630;    5;  4.89;  17.06;   21.58;   11.78;    2.31;  28.0;  -999;   6.1;-999;    5;    79.1;   16.5;eor
        430;19690701;19690731;    5;  4.00;  20.37;   25.27;   14.56;    2.32;  33.6;  -999;   7.4;-999;    5;     6.5;    2.3;eor
        430;19690801;19690831;    5;  4.55;  18.34;   22.96;   13.10;    2.26;  32.0;  -999;   8.3;-999;    5;    98.7;   71.8;eor
        430;19690901;19690930;    5;  3.69;  14.95;   19.94;    9.86;    2.30;  26.5;  -999;   1.6;-999;    5;     3.6;    1.8;eor
        430;19691001;19691031;    5;  4.74;  10.42;   14.86;    6.76;    2.29;  23.1;  -999;   1.6;-999;    5;    17.2;    3.9;eor
        430;19691101;19691130;    5;  5.86;   6.24;    8.93;    3.21;    3.33;  16.6;  -999;  -5.2;-999;    5;    59.8;   12.3;eor
        430;19691201;19691231;    5;  6.30;  -5.46;   -3.26;   -7.95;    2.29;   2.0;  -999; -23.4;-999;    5;    11.5;    7.2;eor
        430;19700101;19700131;    5;  6.27;  -4.22;   -2.00;   -7.16;    2.37;   4.2;  -999; -17.2;-999;    5;    32.0;   13.7;eor
        430;19700201;19700228;    5;  6.67;  -1.70;    0.48;   -4.44;    2.70;   5.0;  -999; -17.7;-999;    5;    46.9;    5.8;eor
        430;19700301;19700331;    5;  5.58;   1.49;    4.56;   -1.65;    2.99;  12.2;  -999;  -8.0;-999;    5;    52.5;    7.8;eor
        430;19700401;19700430;    5;  6.76;   6.18;    9.71;    2.96;    2.86;  17.7;  -999;  -3.2;-999;    5;    72.7;   15.0;eor
        430;19700501;19700531;    5;  4.96;  12.84;   17.35;    7.94;    2.47;  25.8;  -999;   0.0;-999;    5;    45.7;   13.8;eor
        430;19700601;19700630;    5;  3.69;  19.36;   24.50;   13.03;    2.54;  31.0;  -999;   7.8;-999;    5;    58.4;   34.6;eor
        430;19700701;19700731;    5;  5.08;  17.85;   22.09;   13.20;    2.69;  30.2;  -999;   9.3;-999;    5;    48.5;   11.7;eor
        430;19700801;19700831;    5;  4.33;  18.94;   24.09;   13.04;    1.93;  28.1;  -999;   7.3;-999;    5;    17.6;    5.5;eor
        430;19700901;19700930;    5;  4.57;  13.78;   18.73;    9.17;    2.57;  29.6;  -999;   1.7;-999;    5;    40.9;   13.4;eor
        430;19701001;19701031;    5;  6.34;   9.76;   12.87;    6.48;    2.72;  23.1;  -999;  -2.2;-999;    5;    56.1;    9.2;eor
        430;19701101;19701130;    5;  6.41;   6.09;    8.42;    3.33;    2.81;  15.2;  -999;  -6.5;-999;    5;    60.8;   15.4;eor
        430;19701201;19701231;    5;  6.86;   1.85;    3.84;   -0.21;    2.59;  10.3;  -999; -11.4;-999;    5;    28.1;    5.4;eor
        430;19710101;19710131;    5;  4.77;  -0.25;    2.03;   -3.20;    2.52;  10.7;  19.6; -18.8;-999;    5;    21.5;    5.6;eor
        430;19710201;19710228;    5;  6.29;   2.38;    4.93;   -0.29;    2.75;   9.0;  17.0;  -9.7;-999;    5;    18.2;    2.9;eor
        430;19710301;19710331;    5;  5.72;   2.05;    5.65;   -1.81;    2.64;  16.2;  26.3; -13.6;-999;    5;    19.9;    4.9;eor
        430;19710401;19710430;    5;  4.72;   8.67;   13.24;    3.71;    2.30;  21.0;  19.6;  -3.0;-999;    5;    21.6;    7.4;eor
        430;19710501;19710531;    5;  4.58;  16.13;   20.79;   10.05;    2.31;  32.0;  14.4;   0.6;-999;    5;    70.4;   25.0;eor
        430;19710601;19710630;    5;  6.18;  15.63;   19.64;   11.64;    2.54;  28.4;  24.2;   8.3;-999;    5;   114.5;   24.3;eor
        430;19710701;19710731;    5;  3.98;  20.24;   24.92;   13.68;    2.35;  33.5;  15.4;   7.8;-999;    5;     8.7;    5.1;eor
        430;19710801;19710831;    5;  4.25;  20.64;   25.93;   14.94;    2.60;  33.2;  17.0;   9.8;-999;    5;     5.8;    2.6;eor
        430;19710901;19710930;    5;  5.11;  12.95;   17.44;    8.52;    2.20;  23.1;  13.4;   0.4;-999;    5;    49.2;   13.0;eor
        430;19711001;19711031;    5;  4.31;   9.91;   14.64;    5.62;    2.52;  21.7;  20.1;  -2.3;-999;    5;    17.0;    6.5;eor
        430;19711101;19711130;    5;  6.28;   4.69;    7.15;    1.81;    3.20;  16.3;  20.1;  -7.9;-999;    5;    31.6;    7.3;eor
        430;19711201;19711231;    5;  7.24;   4.79;    6.60;    2.70;    2.97;  12.7;  18.0;  -4.0;-999;    5;    45.1;    9.6;eor
        430;19720101;19720131;    5;  5.88;  -3.23;   -1.45;   -5.10;    2.76;   4.0;  15.4; -15.4;-999;    5;    15.7;    8.0;eor
        430;19720201;19720229;    5;  5.79;   2.20;    4.73;   -0.64;    2.29;  10.8;  12.4; -12.0;-999;    5;     2.5;    1.9;eor
        430;19720301;19720331;    5;  4.74;   6.10;   10.41;    1.81;    3.15;  18.9;  24.2;  -6.8;-999;    5;    28.6;    5.9;eor
        430;19720401;19720430;    5;  5.96;   8.62;   12.46;    4.57;    2.82;  22.1;  18.0;  -2.3;-999;    5;    26.5;    5.1;eor
        430;19720501;19720531;    5;  5.97;  12.73;   16.75;    8.54;    2.68;  24.9;  21.6;   4.4;-999;    5;   102.4;   40.2;eor
        430;19720601;19720630;    5;  4.92;  16.91;   21.39;   11.46;    2.14;  31.5;  17.5;   6.5;-999;    5;    74.3;   24.2;eor
        430;19720701;19720731;    5;  4.68;  20.15;   24.74;   14.97;    2.19;  32.7;  16.5;  10.1;-999;    5;    65.7;   34.5;eor
        430;19720801;19720831;    5;  4.89;  17.20;   21.65;   12.78;    2.04;  27.7;  25.8;   8.2;-999;    5;    83.4;   16.6;eor
        430;19720901;19720930;    5;  4.49;  11.92;   16.73;    7.55;    1.65;  26.2;  13.4;   2.4;-999;    5;    46.5;   19.8;eor
        430;19721001;19721031;    5;  4.69;   7.74;   11.75;    3.58;    1.94;  17.9;  22.2;  -3.6;-999;    5;    16.6;    5.3;eor
        430;19721101;19721130;    5;  6.59;   5.30;    7.24;    3.18;    3.33;  13.3;  40.2;  -2.9;-999;    5;    47.5;    7.0;eor
        430;19721201;19721231;    5;  4.01;   1.91;    4.32;   -0.52;    2.29;  10.4;  14.4;  -6.9;-999;    5;     8.7;    4.1;eor
        430;19730101;19730131;    5;  6.61;   0.43;    2.09;   -1.35;    2.05;   6.2;  12.9; -10.1;-999;    5;    29.1;    6.1;eor
        430;19730201;19730228;    5;  6.85;   2.58;    4.62;    0.73;    2.99;   8.6;  19.6;  -4.7;-999;    5;    26.8;    4.6;eor
        430;19730301;19730331;    5;  4.98;   5.72;    9.61;    1.69;    2.43;  19.8;  17.5;  -3.6;-999;    5;    12.7;    4.3;eor
        430;19730401;19730430;    5;  5.90;   6.36;   10.20;    2.27;    2.76;  18.5;  27.8;  -3.2;-999;    5;    62.7;    9.6;eor
        430;19730501;19730531;    5;  4.91;  13.67;   18.23;    8.66;    2.26;  25.9;  19.6;   2.3;-999;    5;    76.5;   12.1;eor
        430;19730601;19730630;    5;  4.55;  17.98;   22.71;   12.28;    2.40;  32.6;  16.5;   6.8;-999;    5;    25.5;   13.3;eor
        430;19730701;19730731;    5;  4.76;  19.48;   23.98;   14.68;    2.27;  30.7;  16.5;  10.0;-999;    5;    91.9;   30.3;eor
        430;19730801;19730831;    5;  3.26;  18.96;   24.43;   13.13;    1.85;  32.0;  18.0;   6.2;-999;    5;    19.8;    8.7;eor
        430;19730901;19730930;    5;  4.46;  14.45;   19.29;   10.25;    2.11;  31.0;  14.9;   3.4;-999;    5;    33.0;   10.6;eor
        430;19731001;19731031;    5;  5.46;   7.95;   11.80;    4.72;    2.47;  22.2;  18.5;  -3.6;-999;    5;    56.1;    9.4;eor
        430;19731101;19731130;    5;  5.30;   3.77;    6.81;    1.06;    3.56;  14.1;  26.3;  -7.7;-999;    5;    50.5;    9.5;eor
        430;19731201;19731231;    5;  6.03;   0.78;    2.85;   -1.66;    3.09;   8.3;  24.7; -10.0;-999;    5;    53.5;    8.8;eor
        430;19740101;19740131;    5;  6.38;   3.84;    5.85;    1.65;    2.71;  12.0;  24.2;  -2.7;-999;    5;    33.7;    6.8;eor
        430;19740201;19740228;    5;  6.25;   3.99;    6.36;    1.62;    2.46;  14.5;  20.6;  -3.1;-999;    5;    43.1;   16.9;eor
        430;19740301;19740331;    5;  4.19;   6.39;   10.97;    1.91;    2.78;  19.6;  17.5;  -3.3;-999;    5;    11.1;    7.0;eor
        430;19740401;19740430;    5;  4.25;   9.16;   14.43;    3.60;    2.34;  23.1;  17.0;  -1.8;-999;    5;    10.1;    4.7;eor
        430;19740501;19740531;    5;  5.50;  12.44;   16.83;    7.76;    2.38;  24.8;  16.5;   0.4;-999;    5;    64.9;   13.2;eor
        430;19740601;19740630;    5;  5.40;  15.57;   20.03;   10.97;    2.15;  27.4;  17.0;   6.0;-999;    5;    89.6;   48.0;eor
        430;19740701;19740731;    5;  6.12;  16.57;   21.26;   12.77;    2.88;  25.7;  17.5;   8.6;-999;    5;    44.8;   11.1;eor
        430;19740801;19740831;    5;  4.36;  18.85;   23.87;   14.14;    2.01;  34.6;  19.6;   9.4;-999;    5;    74.0;   23.1;eor
        430;19740901;19740930;    5;  4.75;  14.72;   19.69;   10.87;    2.43;  26.3;  22.7;   5.3;-999;    5;    44.9;   10.1;eor
        430;19741001;19741031;    5;  6.57;   7.04;    9.65;    4.78;    2.55;  13.7;  15.4;   0.8;-999;    5;   124.6;   27.2;eor
        430;19741101;19741130;    5;  6.57;   5.96;    8.03;    3.63;    2.65;  14.0;  17.0;  -0.9;-999;    5;    59.4;   23.9;eor
        430;19741201;19741231;    5;  6.62;   5.54;    7.59;    3.22;    3.52;  12.4;  28.8;  -6.0;-999;    5;   124.2;   15.8;eor
        430;19750101;19750131;    5;  6.08;   5.46;    7.52;    3.09;    3.27;   9.9;  22.7;  -2.8;-999;    5;    54.1;   16.5;eor
        430;19750201;19750228;    5;  4.89;   1.21;    4.90;   -1.72;    1.91;   9.1;  12.4;  -6.6;-999;    5;    12.0;    7.1;eor
        430;19750301;19750331;    5;  5.34;   4.61;    8.70;    1.43;    2.76;  17.7;  23.2;  -3.2;-999;    5;    27.3;    4.8;eor
        430;19750401;19750430;    5;  5.59;   7.72;   11.52;    3.77;    2.75;  24.9;  19.6;  -1.7;-999;    5;    43.5;   12.1;eor
        430;19750501;19750531;    5;  4.61;  13.61;   18.63;    8.27;    2.67;  27.0;  17.0;   3.7;-999;    5;    18.3;    8.5;eor
        430;19750601;19750630;    5;  4.70;  17.04;   21.90;   11.59;    2.60;  30.0;  17.5;   3.2;-999;    5;    22.4;    7.2;eor
        430;19750701;19750731;    5;  4.61;  20.44;   25.42;   15.19;    2.38;  31.7;  17.0;  10.5;-999;    5;    75.9;   40.3;eor
        430;19750801;19750831;    5;  3.73;  20.98;   25.83;   15.55;    2.09;  33.4;  17.0;  11.3;-999;    5;    67.8;   34.3;eor
        430;19750901;19750930;    5;  3.78;  17.04;   21.94;   12.40;    2.02;  29.2;  20.6;   5.2;-999;    5;    44.6;   21.2;eor
        430;19751001;19751031;    5;  6.38;   8.35;   10.92;    6.07;    2.32;  20.8;  19.6;  -0.4;-999;    5;    19.1;    4.8;eor
        430;19751101;19751130;    5;  5.53;   3.42;    5.86;    0.90;    2.57;  13.9;  23.7;  -8.8;-999;    5;    32.6;    7.2;eor
        430;19751201;19751231;    5;  6.49;   2.79;    4.58;    0.74;    3.30;   9.3;  20.6;  -7.1;-999;    5;    34.5;    7.0;eor
        430;19760101;19760131;    5;  6.15;   0.65;    3.25;   -1.86;    3.49;   9.3;  34.0; -11.1;-999;    5;    98.1;   11.6;eor
        430;19760201;19760229;    5;  4.81;   0.36;    3.27;   -2.74;    2.69;  13.0;  14.9; -11.1;-999;    5;    13.7;    7.6;eor
        430;19760301;19760331;    5;  5.15;   1.29;    4.52;   -1.70;    2.77;  15.4;  23.2;  -7.8;-999;    5;    12.8;    4.0;eor
        430;19760401;19760430;    5;  4.70;   8.05;   12.92;    3.16;    2.54;  21.9;  18.5;  -3.1;-999;    5;     4.6;    2.1;eor
        430;19760501;19760531;    5;  4.38;  13.90;   18.87;    8.70;    2.50;  28.9;  19.6;   1.6;-999;    5;    39.8;    8.1;eor
        430;19760601;19760630;    5;  3.73;  18.58;   23.59;   12.17;    2.23;  32.5;  18.0;   7.6;-999;    5;    21.7;    7.8;eor
        430;19760701;19760731;    5;  4.17;  20.95;   25.76;   15.20;    2.23;  35.3;  17.5;  11.0;-999;    5;    21.5;    6.1;eor
        430;19760801;19760831;    5;  4.01;  17.85;   23.17;   12.20;    2.14;  29.4;  13.9;   8.4;-999;    5;    23.5;    6.9;eor
        430;19760901;19760930;    5;  5.30;  13.96;   18.29;    9.95;    2.18;  26.1;  17.0;   3.9;-999;    5;    33.2;    7.5;eor
        430;19761001;19761031;    5;  5.76;   9.79;   12.86;    7.17;    2.41;  22.2;  18.0;   1.1;-999;    5;    22.4;    9.7;eor
        430;19761101;19761130;    5;  6.04;   5.83;    7.97;    3.38;    2.46;  16.1;  14.4;  -4.9;-999;    5;    35.6;    6.1;eor
        430;19761201;19761231;    5;  6.27;   0.03;    2.11;   -2.03;    2.92;  12.5;  25.2; -11.6;-999;    5;    24.3;    3.6;eor
        430;19770101;19770131;    5;  6.86;   0.90;    2.64;   -0.99;    2.28;  11.2;  14.9;  -5.2;-999;    5;    30.2;    5.3;eor
        430;19770201;19770228;    5;  6.03;   3.06;    6.00;    0.16;    2.39;  12.5;  22.7;  -7.6;-999;    5;    40.2;    5.8;eor
        430;19770301;19770331;    5;  6.16;   6.58;    9.69;    3.54;    2.66;  17.1;  22.7;  -4.8;-999;    5;    45.7;   15.0;eor
        430;19770401;19770430;    5;  5.87;   6.61;   10.46;    2.81;    3.17;  17.2;  22.2;  -2.7;-999;    5;    69.9;   21.8;eor
        430;19770501;19770531;    5;  4.85;  13.50;   18.05;    7.65;    2.66;  28.9;  19.1;   3.2;-999;    5;    36.3;    8.3;eor
        430;19770601;19770630;    5;  5.53;  17.77;   22.33;   13.30;    2.28;  31.4;  20.1;   1.7;-999;    5;    71.0;   17.2;eor
        430;19770701;19770731;    5;  5.38;  17.49;   21.81;   13.29;    2.77;  28.4;  16.5;   8.9;-999;    5;    43.9;   10.7;eor
        430;19770801;19770831;    5;  5.98;  17.35;   21.42;   13.56;    2.03;  27.2;  13.4;   8.6;-999;    5;    60.3;   12.8;eor
        430;19770901;19770930;    5;  4.61;  12.66;   16.76;    9.21;    2.41;  24.7;  17.5;   2.4;-999;    5;    76.2;   43.5;eor
        430;19771001;19771031;    5;  5.20;  10.71;   14.73;    7.36;    1.97;  23.1;  18.0;   1.0;-999;    5;    34.9;    9.1;eor
        430;19771101;19771130;    5;  6.39;   6.37;    8.64;    4.06;    3.46;  16.5;  27.3;  -2.7;-999;    5;    65.3;   11.2;eor
        430;19771201;19771231;    5;  6.61;   3.15;    4.97;    1.16;    2.84;  15.5;  28.8;  -4.6;-999;    5;    46.7;   10.4;eor
        430;19780101;19780131;    5;  6.69;   1.74;    3.59;   -0.27;    2.79;   6.2;  27.8;  -4.9;-999;    5;    22.2;    3.8;eor
        430;19780201;19780228;    5;  5.64;  -0.52;    2.31;   -3.85;    2.29;  15.3;  15.4; -16.6;-999;    5;    14.9;    5.7;eor
        430;19780301;19780331;    5;  5.58;   5.82;    9.85;    2.38;    2.95;  20.6;  26.8;  -4.3;-999;    5;    45.9;    7.2;eor
        430;19780401;19780430;    5;  4.58;   7.81;   12.44;    2.71;    2.33;  17.9;  16.0;  -3.8;-999;    5;    13.8;    5.8;eor
        430;19780501;19780531;    5;  4.76;  13.99;   18.64;    8.85;    2.47;  28.1;  14.4;  -1.4;-999;    5;    34.0;    9.4;eor
        430;19780601;19780630;    5;  4.71;  16.84;   21.80;   11.86;    2.55;  30.0;  19.1;   6.4;-999;    5;    48.6;   16.4;eor
        430;19780701;19780731;    5;  4.97;  17.29;   21.30;   12.76;    2.71;  31.0;  18.0;   7.3;-999;    5;    31.7;    6.6;eor
        430;19780801;19780831;    5;  4.69;  16.97;   21.50;   13.01;    2.71;  32.0;  17.5;   6.5;-999;    5;   140.2;  106.4;eor
        430;19780901;19780930;    5;  6.29;  12.58;   15.76;    9.59;    3.38;  23.5;  21.1;   3.9;-999;    5;   123.4;   27.0;eor
        430;19781001;19781031;    5;  5.28;  10.39;   13.61;    7.31;    2.56;  22.4;  17.0;  -0.6;-999;    5;    47.1;   11.1;eor
        430;19781101;19781130;    5;  6.02;   5.89;    8.19;    3.36;    2.77;  13.2;  19.6;  -2.6;-999;    5;    10.7;    3.2;eor
        430;19781201;19781231;    5;  6.31;  -0.48;    2.19;   -2.80;    2.84;   9.4;  13.9; -18.6;-999;    5;    83.9;   10.0;eor
        430;19790101;19790131;    5;  6.58;  -3.77;   -1.69;   -6.25;    2.73;   2.7;  15.4; -19.3;-999;    5;    26.3;    5.5;eor
        430;19790201;19790228;    5;  5.91;  -2.65;   -0.11;   -5.78;    2.91;   5.9;  21.6; -11.8;-999;    5;    36.8;   12.6;eor
        430;19790301;19790331;    5;  5.97;   3.53;    6.70;    0.55;    3.13;  16.8;  20.6;  -3.0;-999;    5;    63.7;   10.1;eor
        430;19790401;19790430;    5;  5.33;   7.85;   11.96;    3.53;    2.64;  19.7;  17.0;  -1.6;-999;    5;    24.7;    5.4;eor
        430;19790501;19790531;    5;  4.18;  14.67;   19.65;    8.83;    2.45;  31.3;  25.2;   0.6;-999;    5;    55.3;   16.4;eor
        430;19790601;19790630;    5;  4.34;  19.15;   23.66;   14.14;    2.40;  32.6;  15.4;   8.9;-999;    5;    71.4;   19.4;eor
        430;19790701;19790731;    5;  5.48;  15.73;   19.75;   11.64;    2.77;  26.6;  18.0;   7.3;-999;    5;    76.0;   13.6;eor
        430;19790801;19790831;    5;  4.63;  17.78;   22.39;   12.66;    2.41;  30.3;  19.6;   7.5;-999;    5;    31.6;   15.7;eor
        430;19790901;19790930;    5;  4.87;  14.35;   19.07;   10.30;    2.23;  29.7;  17.5;   2.0;-999;    5;    28.6;   12.6;eor
        430;19791001;19791031;    5;  3.57;   8.38;   12.86;    4.51;    2.81;  22.4;  15.4;  -2.3;-999;    5;     9.0;    4.6;eor
        430;19791101;19791130;    5;  6.34;   4.46;    6.58;    2.22;    2.79;  13.0;  18.5;  -2.2;-999;    5;    76.4;   14.4;eor
        430;19791201;19791231;    5;  6.48;   4.12;    6.11;    1.79;    3.16;  14.6;  21.6;  -5.6;-999;    5;    70.3;    9.1;eor
        430;19800101;19800131;    5;  5.47;  -3.46;   -1.03;   -6.13;    2.14;   7.5;  13.9; -14.1;-999;    5;    20.3;    4.9;eor
        430;19800201;19800229;    5;  5.54;   1.28;    3.86;   -1.18;    2.49;   8.0;  15.4;  -6.3;-999;    5;    38.5;    8.5;eor
        430;19800301;19800331;    5;  5.07;   2.65;    6.14;   -0.56;    3.02;  16.8;  18.5; -10.6;-999;    5;    21.3;    6.9;eor
        430;19800401;19800430;    5;  4.71;   7.22;   11.61;    2.71;    2.47;  21.1;  27.8;  -2.3;-999;    5;    84.0;   19.9;eor
        430;19800501;19800531;    5;  3.77;  11.91;   16.94;    6.19;    2.56;  25.8;  15.4;   0.0;-999;    5;    18.1;    6.7;eor
        430;19800601;19800630;    5;  5.12;  16.67;   21.16;   12.11;    2.56;  30.7;  19.6;   6.8;-999;    5;   116.3;   24.3;eor
        430;19800701;19800731;    5;  5.56;  16.88;   20.82;   13.13;    2.33;  26.5;  15.4;   8.4;-999;    5;    82.9;   14.0;eor
        430;19800801;19800831;    5;  4.41;  17.54;   21.78;   13.41;    2.56;  32.0;  24.7;   5.6;-999;    5;    78.8;   27.9;eor
        430;19800901;19800930;    5;  3.77;  14.47;   19.14;   10.28;    2.29;  25.1;  22.7;   4.9;-999;    5;    30.5;   10.3;eor
        430;19801001;19801031;    5;  5.46;   9.13;   12.67;    5.94;    2.89;  18.2;  20.6;   0.1;-999;    5;    50.0;   17.1;eor
        430;19801101;19801130;    5;  6.56;   3.94;    5.95;    1.56;    3.33;  14.4;  23.2;  -3.7;-999;    5;    39.3;   11.6;eor
        430;19801201;19801231;    5;  6.27;   1.75;    3.69;   -0.88;    3.35;  11.0;  18.5; -13.7;-999;    5;    44.5;    7.8;eor
        430;19810101;19810131;   10;  6.06;  -0.72;    1.36;   -3.42;    2.98;   8.6;  22.2; -14.3;-999;   10;    50.5;   13.5;eor
        430;19810201;19810228;   10;  5.65;   0.89;    3.21;   -1.25;    3.04;  10.2;  23.2;  -6.9;-999;   10;    23.4;    6.5;eor
        430;19810301;19810331;   10;  6.51;   7.11;   10.63;    3.70;    2.91;  20.1;  20.6;  -2.8;-999;   10;   126.2;   40.0;eor
        430;19810401;19810430;   10;  4.33;   8.53;   13.20;    3.44;    2.66;  22.9;  15.4;  -3.3;-999;   10;    21.1;    8.2;eor
        430;19810501;19810531;   10;  3.98;  15.85;   20.47;   10.24;    2.66;  27.8;  18.5;   0.7;-999;   10;    20.9;    7.7;eor
        430;19810601;19810630;   10;  5.45;  17.25;   21.58;   12.83;    2.83;  30.9;  22.2;   7.0;-999;   10;    56.4;   16.9;eor
        430;19810701;19810731;   10;  5.49;  18.22;   22.31;   14.29;    2.59;  30.7;  18.5;  11.3;-999;   10;    89.3;   26.4;eor
        430;19810801;19810831;   10;  4.22;  17.61;   21.69;   13.22;    2.45;  32.0;  19.6;   7.8;-999;   10;    36.0;   11.0;eor
        430;19810901;19810930;   10;  4.03;  15.38;   20.20;   10.57;    2.02;  27.2;  12.9;   5.3;-999;   10;    57.0;   36.2;eor
        430;19811001;19811031;   10;  5.97;   9.17;   12.55;    5.86;    2.90;  21.2;  22.7;  -0.2;-999;   10;    64.7;   11.3;eor
        430;19811101;19811130;   10;  6.04;   5.09;    7.93;    2.63;    3.35;  16.0;  27.3;  -4.0;-999;   10;    49.8;   12.3;eor
        430;19811201;19811231;   10;  6.48;  -2.47;   -0.61;   -4.90;    2.76;   7.0;  16.0; -12.6;-999;   10;    50.1;   14.1;eor
        430;19820101;19820131;   10;  5.13;  -2.21;    0.72;   -5.20;    2.46;  10.5;  16.0; -18.1;-999;   10;    43.1;   14.7;eor
        430;19820201;19820228;   10;  3.69;   0.27;    3.34;   -2.69;    2.28;  10.6;  11.8;  -9.9;-999;   10;    12.4;    6.4;eor
        430;19820301;19820331;   10;  4.43;   5.59;    9.90;    1.23;    2.88;  19.0;  27.3;  -4.0;-999;   10;    38.6;   11.2;eor
        430;19820401;19820430;   10;  4.01;   7.84;   12.71;    2.33;    2.76;  21.3;  23.2;  -3.3;-999;   10;    17.4;    3.3;eor
        430;19820501;19820531;   10;  4.20;  14.36;   19.24;    8.62;    2.45;  28.2;  18.5;   1.4;-999;   10;    57.5;   12.5;eor
        430;19820601;19820630;   10;  4.27;  17.87;   22.38;   12.86;    2.77;  34.1;  21.1;   6.4;-999;   10;    54.4;   13.5;eor
        430;19820701;19820731;   10;  3.15;  20.97;   25.97;   14.66;    2.13;  32.5;  17.0;  10.6;-999;   10;    28.6;   17.8;eor
        430;19820801;19820831;   10;  4.46;  19.82;   25.14;   14.74;    2.43;  31.7;  18.0;   9.6;-999;   10;    51.3;   34.8;eor
        430;19820901;19820930;   10;  3.15;  17.51;   23.35;   12.37;    2.03;  29.3;  14.4;   8.4;-999;   10;     7.6;    4.7;eor
        430;19821001;19821031;   10;  4.81;  11.12;   14.88;    8.05;    2.48;  22.1;  17.5;   3.3; 112.70;   10;    36.1;    7.5;eor
        430;19821101;19821130;   10;  5.01;   6.91;    9.73;    4.22;    2.65;  15.4;  25.8;  -2.3;  75.70;   10;    27.1;    9.2;eor
        430;19821201;19821231;   10;  6.17;   2.87;    5.05;    0.76;    2.89;  11.5;  27.8;  -4.8;  37.90;   10;    35.6;    9.8;eor
        430;19830101;19830131;   10;  6.66;   5.00;    7.13;    2.52;    3.87;  13.8;  27.3;  -1.6;  29.30;   10;    74.5;   12.9;eor
        430;19830201;19830228;   10;  5.00;  -0.62;    2.37;   -3.71;    2.49;  11.8;  28.3; -13.8;  72.40;   10;    17.3;    6.7;eor
        430;19830301;19830331;   10;  6.21;   5.63;    8.87;    2.80;    2.98;  13.4;  21.6;  -4.7;  68.50;   10;    23.6;    4.1;eor
        430;19830401;19830430;   10;  5.66;   9.74;   14.12;    5.78;    2.54;  22.7;  19.1;   0.0; 131.70;   10;    63.6;   19.6;eor
        430;19830501;19830531;   10;  5.58;  13.69;   17.94;    9.65;    2.22;  27.2;  23.2;   2.6; 153.60;   10;   116.4;   26.3;eor
        430;19830601;19830630;   10;  4.27;  18.06;   22.82;   12.32;    2.22;  30.5;  14.4;   4.9; 260.30;   10;    17.9;    7.9;eor
        430;19830701;19830731;   10;  3.35;  22.05;   27.19;   15.82;    2.42;  32.3;  14.9;   9.0; 327.60;   10;    15.7;    8.0;eor
        430;19830801;19830831;   10;  3.55;  19.89;   24.89;   14.58;    2.02;  36.1;  13.4;   9.4; 250.00;   10;    64.2;   20.6;eor
        430;19830901;19830930;   10;  4.66;  15.12;   19.60;   11.35;    2.92;  29.8;  22.7;   6.7; 133.10;   10;    37.2;    6.1;eor
        430;19831001;19831031;   10;  5.43;   9.95;   13.48;    6.38;    3.10;  23.4;  26.8;  -1.9;  86.90;   10;    39.2;    8.5;eor
        430;19831101;19831130;   10;  5.45;   4.58;    7.65;    1.62;    2.41;  15.5;  18.5;  -8.5;  72.40;   10;    50.3;   20.6;eor
        430;19831201;19831231;   10;  4.85;   1.23;    3.41;   -1.37;    2.71;  11.1;  18.0; -10.7;  52.70;   10;    64.6;   15.3;eor
        430;19840101;19840131;   10;  5.90;   1.88;    3.87;   -0.19;    3.30;   8.9;  30.9;  -5.3;  37.30;   10;    71.9;   10.2;eor
        430;19840201;19840229;   10;  5.07;   0.50;    2.95;   -1.88;    2.53;   9.4;  19.6;  -8.8;  69.80;   10;    32.1;    7.8;eor
        430;19840301;19840331;   10;  4.03;   2.86;    6.74;   -0.66;    2.44;  15.7;  14.4;  -4.9; 149.40;   10;     7.5;    4.1;eor
        430;19840401;19840430;   10;  4.99;   8.80;   13.19;    3.83;    2.02;  22.7;  17.0;  -1.0; 190.00;   10;    36.9;   16.4;eor
        430;19840501;19840531;   10;  5.61;  13.75;   18.07;    9.43;    2.38;  25.7;  19.1;   3.4; 155.90;   10;    89.3;   18.3;eor
        430;19840601;19840630;   10;  5.72;  14.90;   18.45;   11.03;    2.97;  26.6;  22.7;   5.2; 138.20;   10;    59.8;   15.1;eor
        430;19840701;19840731;   10;  5.31;  16.89;   20.91;   12.86;    2.76;  36.6;  23.7;   8.3; 158.70;   10;    29.9;    5.9;eor
        430;19840801;19840831;   10;  3.86;  19.05;   24.16;   14.32;    1.95;  30.5;  13.9;   9.4; 248.10;   10;    47.1;   17.1;eor
        430;19840901;19840930;   10;  5.82;  13.47;   17.25;   10.16;    2.69;  26.2;  19.6;   3.6; 103.80;   10;    53.8;    7.9;eor
        430;19841001;19841031;   10;  5.31;  11.23;   14.77;    7.98;    2.70;  21.2;  22.2;  -0.1;  97.10;   10;    46.3;   13.6;eor
        430;19841101;19841130;   10;  5.35;   4.66;    7.19;    2.28;    2.92;  13.1;  34.0;  -3.4;  71.40;   10;    58.8;   34.5;eor
        430;19841201;19841231;   10;  5.98;   0.79;    2.51;   -1.16;    2.53;   9.2;  22.7;  -5.6;  36.10;   10;    24.7;    6.6;eor
        430;19850101;19850131;   10;  6.18;  -5.15;   -2.66;   -7.74;    2.64;   7.0;  17.0; -19.7;  35.90;   10;    32.1;    7.3;eor
        430;19850201;19850228;   10;  4.97;  -2.81;    0.40;   -5.92;    2.67;   8.9;  19.1; -17.5;  92.50;   10;    20.9;   11.5;eor
        430;19850301;19850331;   10;  6.40;   3.95;    7.04;    1.09;    2.53;  14.1;  21.1;  -4.6;  64.20;   10;    20.7;    3.7;eor
        430;19850401;19850430;   10;  5.24;   8.62;   13.14;    4.82;    2.78;  24.3;  18.0;  -1.1; 149.20;   10;    57.6;    6.3;eor
        430;19850501;19850531;   10;  4.30;  15.80;   20.90;   10.25;    2.45;  30.5;  17.0;  -0.2; 242.50;   10;    31.0;    9.5;eor
        430;19850601;19850630;   10;  5.90;  15.02;   19.36;   11.03;    2.52;  30.3;  18.5;   6.0; 161.40;   10;    77.0;   12.2;eor
        430;19850701;19850731;   10;  4.53;  18.96;   23.55;   13.83;    2.53;  31.6;  16.5;   8.9; 247.60;   10;    34.2;    6.1;eor
        430;19850801;19850831;   10;  4.49;  18.23;   23.49;   13.52;    2.13;  32.2;  21.6;   7.4; 205.90;   10;    66.5;   28.4;eor
        430;19850901;19850930;   10;  4.89;  14.04;   18.45;   10.35;    2.93;  26.3;  24.7;   6.4; 148.50;   10;    35.2;   14.9;eor
        430;19851001;19851031;   10;  5.27;   9.88;   13.44;    6.44;    2.06;  27.6;  20.6;  -1.6;  97.80;   10;     8.9;    2.8;eor
        430;19851101;19851130;   10;  6.62;   1.91;    4.02;   -0.24;    2.99;  16.8;  25.8;  -5.0;  39.40;   10;    31.0;    8.2;eor
        430;19851201;19851231;   10;  6.70;   4.55;    6.80;    2.20;    2.89;  14.8;  27.8;  -8.5;  28.00;   10;    55.5;    8.1;eor
        430;19860101;19860131;   10;  6.32;   0.44;    2.55;   -2.11;    3.31;   9.3;  32.4; -12.2;  29.40;   10;    52.1;   10.1;eor
        430;19860201;19860228;   10;  4.08;  -6.75;   -2.87;  -10.76;    2.65;   3.3;  17.5; -18.6; 101.50;   10;    16.0;   10.4;eor
        430;19860301;19860331;   10;  5.28;   3.81;    7.29;    0.50;    2.89;  17.7;  25.8; -13.7; 104.80;   10;    56.1;   11.3;eor
        430;19860401;19860430;   10;  6.26;   7.48;   10.98;    4.07;    2.53;  20.3;  21.1;  -6.1;  94.20;   10;    41.8;    7.5;eor
        430;19860501;19860531;   10;  4.71;  15.99;   20.92;   10.82;    2.45;  28.5;  19.1;   5.7; 258.10;   10;    83.9;   29.1;eor
        430;19860601;19860630;   10;  3.49;  17.69;   22.03;   11.89;    2.44;  30.8;  19.1;   5.3; 289.40;   10;    96.8;   26.7;eor
        430;19860701;19860731;   10;  4.59;  19.23;   24.15;   14.06;    2.35;  32.7;  23.7;   8.4; 228.60;   10;    25.6;    9.5;eor
        430;19860801;19860831;   10;  4.27;  18.01;   22.75;   13.44;    2.32;  35.2;  17.5;   8.1; 204.40;   10;    54.7;   13.0;eor
        430;19860901;19860930;   10;  5.55;  12.04;   16.25;    8.17;    2.44;  22.8;  17.5;   2.8; 114.70;   10;    49.8;   27.7;eor
        430;19861001;19861031;   10;  4.28;  10.32;   14.46;    6.51;    2.66;  20.8;  29.4;   0.5; 138.40;   10;    36.0;   10.4;eor
        430;19861101;19861130;   10;  4.96;   7.07;   10.03;    4.22;    2.81;  14.4;  18.5;  -2.9;  89.10;   10;    24.3;    8.1;eor
        430;19861201;19861231;   10;  6.33;   2.57;    4.70;    0.11;    3.11;  12.0;  27.8;  -5.3;  28.90;   10;   113.0;   18.6;eor
        430;19870101;19870131;   10;  5.29;  -7.05;   -4.19;  -10.40;    2.60;   5.9;  19.1; -21.0;  52.20;   10;    47.4;    8.5;eor
        430;19870201;19870228;   10;  5.74;  -0.20;    2.16;   -2.95;    2.41;   7.6;  20.1; -11.2;  58.50;   10;    40.5;    8.4;eor
        430;19870301;19870331;   10;  4.60;   0.43;    3.89;   -2.99;    2.72;  13.7;  20.1; -10.8; 147.70;   10;    21.9;    4.3;eor
        430;19870401;19870430;   10;  4.85;   9.88;   14.24;    5.15;    2.20;  27.6;  17.5;  -0.1; 176.70;   10;    44.8;   16.4;eor
        430;19870501;19870531;   10;  5.20;  11.17;   15.56;    6.54;    2.52;  24.0;  15.5;   2.5; 173.20;   10;    43.3;   13.0;eor
        430;19870601;19870630;   10;  5.51;  15.51;   19.55;   11.36;    2.60;  32.8;  20.6;   7.7; 151.40;   10;    62.6;   13.0;eor
        430;19870701;19870731;   10;  5.05;  18.49;   23.15;   13.95;    2.52;  30.3;  18.5;   8.4; 221.70;   10;    85.8;   31.3;eor
        430;19870801;19870831;   10;  5.07;  16.27;   20.26;   12.97;    2.49;  28.5;  16.0;   7.0; 146.20;   10;    56.1;    7.6;eor
        430;19870901;19870930;   10;  4.79;  14.49;   18.97;   10.68;    2.41;  26.1;  19.6;   2.2; 133.40;   10;    72.0;   13.2;eor
        430;19871001;19871031;   10;  4.53;  10.21;   14.06;    6.67;    2.81;  22.0;  18.0;  -0.6; 130.70;   10;    14.0;    6.9;eor
        430;19871101;19871130;   10;  7.00;   6.06;    7.79;    4.30;    2.71;  11.4;  19.6;  -1.7;  13.40;   10;    73.7;   23.6;eor
        430;19871201;19871231;   10;  6.56;   2.64;    4.45;    0.22;    2.65;  13.4;  17.0;  -8.3;  28.90;   10;    52.1;   11.1;eor
        430;19880101;19880131;   10;  5.87;   4.01;    6.15;    2.08;    2.80;  12.9;  23.2;  -2.0;  43.50;   10;    48.8;    6.8;eor
        430;19880201;19880229;   10;  6.12;   3.02;    5.58;    0.80;    3.24;  11.3;  24.2;  -2.9;  55.00;   10;    88.5;   11.8;eor
        430;19880301;19880331;   10;  6.34;   3.08;    6.08;    0.12;    2.93;  13.6;  19.6;  -5.7;  75.70;   10;    64.0;   11.1;eor
        430;19880401;19880430;   10;  3.84;   9.27;   14.21;    4.05;    2.55;  25.5;  21.1;  -3.6; 205.30;   10;     2.1;    1.6;eor
        430;19880501;19880531;   10;  3.61;  16.43;   21.37;   10.73;    2.80;  28.9;  24.2;   3.2; 288.20;   10;    17.5;    8.0;eor
        430;19880601;19880630;   10;  5.34;  16.59;   20.62;   12.22;    2.21;  26.5;  24.2;   6.4; 163.30;   10;   111.2;   30.4;eor
        430;19880701;19880731;   10;  5.27;  19.09;   23.89;   14.51;    2.58;  30.7;  24.2;  11.3; 231.70;   10;    56.2;   11.8;eor
        430;19880801;19880831;   10;  4.49;  18.41;   23.38;   13.31;    2.25;  30.2;  15.5;   8.0; 229.00;   10;    26.8;    7.2;eor
        430;19880901;19880930;   10;  5.36;  14.43;   18.73;   10.54;    2.53;  25.4;  21.1;   6.3; 122.20;   10;    19.0;    4.1;eor
        430;19881001;19881031;   10;  5.30;  10.28;   13.97;    6.95;    2.73;  20.1;  22.7;  -2.7;  99.60;   10;    19.2;    5.5;eor
        430;19881101;19881130;   10;  5.39;   3.30;    6.27;   -0.08;    2.78;  13.1;  23.2; -13.0;  63.50;   10;    33.6;    5.2;eor
        430;19881201;19881231;   10;  6.48;   3.47;    5.63;    0.85;    3.41;  10.2;  24.2;  -8.6;  31.80;   10;    59.1;   10.7;eor
        430;19890101;19890131;   10;  5.04;   3.73;    6.28;    0.85;    2.88;  10.7;  17.0;  -4.3;  61.10;   10;    10.9;    2.8;eor
        430;19890201;19890228;   10;  5.14;   4.50;    8.06;    1.62;    3.08;  13.6;  22.7;  -1.8;  77.60;   10;    36.2;    8.4;eor
        430;19890301;19890331;   10;  4.83;   7.64;   12.00;    3.42;    2.83;  22.7;  27.3;  -0.6; 141.00;   10;    22.5;    5.4;eor
        430;19890401;19890430;   10;  5.41;   9.14;   13.38;    4.97;    2.65;  24.5;  20.1;  -3.1; 135.40;   10;    40.7;   11.9;eor
        430;19890501;19890531;   10;  2.85;  15.76;   21.04;    8.96;    2.41;  27.2;  23.2;   2.4; 337.60;   10;    16.3;    9.8;eor
        430;19890601;19890630;   10;  4.21;  17.59;   22.58;   11.85;    2.27;  30.8;  20.6;   7.2; 259.50;   10;    32.7;    9.0;eor
        430;19890701;19890731;   10;  4.85;  19.32;   24.03;   14.48;    2.68;  33.2;  20.1;   9.2; 225.90;   10;    56.8;   11.2;eor
        430;19890801;19890831;   10;  4.04;  18.38;   23.45;   13.49;    2.45;  34.5;  19.6;   5.2; 225.50;   10;    54.8;   14.4;eor
        430;19890901;19890930;   10;  4.15;  16.65;   21.32;   12.15;    2.03;  28.9;  12.4;   5.9; 179.30;   10;    21.6;   10.1;eor
        430;19891001;19891031;   10;  4.82;  11.60;   15.43;    7.89;    2.67;  22.2;  19.6;   1.1; 112.20;   10;    39.8;   14.0;eor
        430;19891101;19891130;   10;  4.58;   3.33;    6.30;    0.47;    2.21;  13.4;  16.5;  -8.1;  87.70;   10;    56.4;   27.3;eor
        430;19891201;19891231;   10;  5.97;   2.91;    5.33;   -0.10;    2.69;  15.0;  23.2;  -8.6;  47.20;   10;    51.1;   14.6;eor
        430;19900101;19900131;   10;  6.46;   4.20;    6.23;    1.93;    3.05;  12.4;  28.3;  -5.1;  34.30;   10;    29.8;    8.7;eor
        430;19900201;19900228;   10;  4.91;   6.91;   10.88;    3.43;    3.42;  18.9;  30.4;   0.2;  93.00;   10;    67.8;   11.8;eor
        430;19900301;19900331;   10;  5.03;   8.18;   11.94;    4.20;    3.28;  22.0;  27.8;  -0.8; 106.90;   10;    27.0;    8.1;eor
        430;19900401;19900430;   10;  4.01;   9.43;   14.22;    4.49;    2.71;  22.0;  20.1;  -2.4; 208.70;   10;    25.6;    6.0;eor
        430;19900501;19900531;   10;  3.48;  15.73;   20.98;    9.29;    2.09;  27.9;  16.5;   3.7; 293.80;   10;    14.9;    3.7;eor
        430;19900601;19900630;   10;  5.99;  16.88;   21.04;   13.07;    2.31;  28.8;  19.6;   8.7; 151.50;   10;   157.5;   51.3;eor
        430;19900701;19900731;   10;  4.61;  18.12;   22.90;   12.91;    2.83;  31.6;  18.5;   9.3; 248.80;   10;    23.7;    7.7;eor
        430;19900801;19900831;   10;  4.10;  19.70;   25.01;   14.75;    2.18;  32.3;  17.4;   7.7; 245.10;   10;    66.2;   17.3;eor
        430;19900901;19900930;   10;  5.75;  12.77;   16.55;    9.69;    2.70;  21.7;  22.1;   4.8; 112.30;   10;    55.5;    7.0;eor
        430;19901001;19901031;   10;  4.13;  11.10;   15.49;    7.28;    2.67;  23.3;  19.0;   0.2; 150.90;   10;    15.8;    5.6;eor
        430;19901101;19901130;   10;  6.51;   5.50;    7.80;    3.50;    2.63;  13.1;  20.5;  -2.2;  42.20;   10;    50.7;   13.7;eor
        430;19901201;19901231;   10;  6.35;   1.43;    3.14;   -0.82;    2.88;   9.2;  23.6;  -5.9;  35.50;   10;    74.0;   25.1;eor
        430;19910101;19910131;   10;  5.10;   2.55;    4.87;    0.19;    2.84;  15.1;  23.6;  -8.6;  72.00;    9;    24.6;   13.0;eor
        430;19910201;19910228;   10;  5.11;  -2.05;    0.84;   -5.41;    2.49;  13.5;  15.4; -13.1;  64.90;    9;    20.1;    7.2;eor
        430;19910301;19910331;   10;  4.77;   6.93;   11.11;    2.96;    2.43;  18.1;  14.9;  -2.3; 119.20;    9;    47.1;   26.0;eor
        430;19910401;19910430;   10;  4.59;   8.57;   12.93;    3.35;    2.24;  20.0;  19.0;  -3.5; 169.70;    9;    45.0;    9.0;eor
        430;19910501;19910531;   10;  4.92;  10.75;   14.75;    6.03;    2.56;  23.9;  21.0;   0.7; 190.00;    9;    45.1;   19.1;eor
        430;19910601;19910630;   10;  5.73;  15.01;   19.77;   10.53;    2.77;  26.6;  21.0;   2.3; 198.90;    9;    69.4;   18.1;eor
        430;19910701;19910731;   10;  3.92;  21.01;   26.23;   15.22;    2.34;  36.0;  15.9;   9.4; 322.90;    9;    47.8;   25.6;eor
        430;19910801;19910831;   10;  4.46;  19.07;   23.77;   14.40;    2.29;  33.7;  24.1;   9.1; 208.40;    9;    39.6;   10.0;eor
        430;19910901;19910930;   10;  4.04;  16.10;   21.33;   10.86;    2.39;  28.3;  17.4;   4.0; 188.50;    9;    16.9;    5.5;eor
        430;19911001;19911031;   10;  3.26;   9.65;   14.12;    5.66;    2.79;  24.4;  24.7;  -1.7; 181.50;    9;    20.3;    7.1;eor
        430;19911101;19911130;   10;  5.91;   4.99;    7.47;    2.53;    2.85;  16.2;  19.5;  -6.8;  44.20;    9;    46.3;   11.4;eor
        430;19911201;19911231;   10;  5.78;   1.97;    4.60;   -0.73;    2.93;  12.5;  24.2;  -8.4;  41.70;    9;    40.7;   12.5;eor
        430;19920101;19920131;   10;  5.89;   1.62;    4.01;   -0.94;    2.90;  11.2;  19.0;  -9.2;  42.50;    9;    31.9;   14.5;eor
        430;19920201;19920229;   10;  5.90;   4.01;    6.91;    1.09;    2.83;  14.5;  23.1;  -6.6;  41.10;    9;    37.2;    6.6;eor
        430;19920301;19920331;   10;  5.55;   5.57;    9.38;    2.25;    3.11;  16.2;  24.7;  -3.1; 100.40;    9;    77.9;   15.2;eor
        430;19920401;19920430;   10;  5.15;   9.26;   13.77;    4.25;    2.55;  25.2;  21.1;  -1.9; 146.00;    9;    33.9;    6.3;eor
        430;19920501;19920531;   10;  3.13;  15.88;   20.77;    9.91;    2.68;  28.0;  25.7;   1.4; 312.60;    9;    25.7;    7.4;eor
        430;19920601;19920630;   10;  3.84;  20.64;   25.78;   14.43;    2.57;  32.3;  17.0;  10.7; 305.90;    9;    21.0;    7.7;eor
        430;19920701;19920731;   10;  4.42;  20.80;   26.15;   15.22;    2.30;  35.9;  17.0;   9.4; 264.30;    9;    57.6;   25.9;eor
        430;19920801;19920831;   10;  3.95;  20.76;   26.19;   15.67;    2.57;  37.6;  19.0;   9.8; 222.20;    9;    91.6;   30.8;eor
        430;19920901;19920930;   10;  4.18;  14.40;   18.89;   10.09;    2.41;  23.9;  21.6;   5.4; 175.70;    9;    16.1;    3.5;eor
        430;19921001;19921031;   10;  4.55;   6.45;   10.40;    2.67;    2.56;  16.7;  15.4;  -4.5; 104.80;    9;    37.8;   10.9;eor
        430;19921101;19921130;   10;  6.04;   5.38;    7.85;    2.98;    3.29;  12.9;  31.4;  -2.5;  42.50;    9;    65.1;   11.5;eor
        430;19921201;19921231;   10;  5.50;   1.37;    3.35;   -0.79;    2.53;  12.5;  20.6; -10.4;  49.30;    9;    59.1;   13.7;eor
        430;19930101;19930131;   10;  4.98;   2.64;    5.73;   -0.28;    3.75;  13.9;  32.9; -13.8;  78.10;    9;    49.4;    9.8;eor
        430;19930201;19930228;   10;  6.36;   0.50;    2.81;   -2.05;    2.72;   7.0;  21.6;  -9.3;  50.30;    9;    35.5;    7.8;eor
        430;19930301;19930331;   10;  4.83;   4.42;    8.49;    0.65;    2.74;  17.1;  20.1;  -5.9; 141.60;    9;     8.9;    1.9;eor
        430;19930401;19930430;   10;  4.10;  11.92;   16.70;    6.42;    2.78;  28.1;  15.9;  -2.1; 218.80;    9;    12.9;    6.8;eor
        430;19930501;19930531;   10;  4.15;  16.80;   21.97;   11.63;    2.42;  29.9;  25.2;   4.2; 234.90;    9;   110.0;   38.9;eor
        430;19930601;19930630;   10;  4.99;  16.38;   20.65;   11.68;    2.58;  30.0;  22.6;   7.4; 179.80;    9;   123.8;   41.0;eor
        430;19930701;19930731;   10;  5.25;  17.19;   21.68;   12.95;    2.69;  28.5;  18.0;   8.8; 203.50;    9;    86.6;   10.6;eor
        430;19930801;19930831;   10;  4.74;  16.82;   21.33;   12.17;    2.47;  29.5;  19.0;   5.6; 208.50;    9;    55.8;   12.8;eor
        430;19930901;19930930;   10;  5.94;  13.16;   16.92;   10.08;    2.64;  23.3;  14.9;   4.6; 104.10;    9;    60.8;   17.0;eor
        430;19931001;19931031;   10;  5.24;   9.35;   12.76;    6.10;    2.60;  20.4;  19.0;  -1.8; 105.10;    9;    16.6;    4.8;eor
        430;19931101;19931130;   10;  6.35;   0.71;    2.69;   -1.20;    2.40;   8.6;  17.0;  -8.3;  26.20;    9;    26.9;    8.2;eor
        430;19931201;19931231;   10;  6.97;   3.75;    5.87;    1.51;    3.51;  13.2;  31.9;  -7.4;  24.70;    9;    85.0;    9.8;eor
        430;19940101;19940131;   10;  6.67;   3.63;    5.71;    1.48;    3.53;  11.3;  26.2;  -5.0;  23.90;    9;    92.2;   24.8;eor
        430;19940201;19940228;   10;  5.69;  -0.32;    2.38;   -3.08;    2.71;  11.5;  17.5; -12.6;  80.90;    9;     5.7;    4.0;eor
        430;19940301;19940331;   10;  6.23;   6.21;    9.89;    2.76;    3.45;  20.7;  26.8;  -1.7;  90.00;    9;    90.3;   12.2;eor
        430;19940401;19940430;   10;  4.47;   9.97;   14.70;    4.81;    2.55;  24.0;  22.6;  -2.2; 183.60;    9;    52.0;   25.2;eor
        430;19940501;19940531;   10;  4.87;  13.99;   18.39;    8.83;    2.62;  24.5;  20.1;   1.2; 208.10;    9;    74.6;   33.6;eor
        430;19940601;19940630;   10;  4.71;  16.90;   21.74;   11.75;    2.66;  34.6;  19.0;   6.3; 236.30;    9;    22.1;    9.3;eor
        430;19940701;19940731;   10;  2.70;  24.02;   29.24;   17.42;    2.26;  37.0;  19.0;  12.4; 377.50;    9;    34.5;   26.8;eor
        430;19940801;19940831;   10;  4.70;  19.24;   23.96;   14.68;    2.43;  37.5;  18.5;   9.4; 225.60;    9;    76.2;   21.9;eor
        430;19940901;19940930;   10;  5.75;  14.27;   17.70;   11.19;    2.76;  21.5;  21.1;   7.4; 103.90;    9;    72.0;   23.6;eor
        430;19941001;19941031;   10;  4.44;   8.05;   12.25;    4.03;    2.59;  17.5;  18.5;  -2.5; 153.40;    9;    26.2;   14.1;eor
        430;19941101;19941130;   10;  5.79;   6.99;    9.75;    4.28;    2.86;  15.6;  19.0;  -2.2;  64.40;    9;    45.3;   12.7;eor
        430;19941201;19941231;   10;  5.92;   4.11;    6.55;    1.76;    3.00;  14.0;  19.5;  -3.4;  57.20;    9;    54.6;   10.3;eor
        430;19950101;19950131;   10;  5.73;   0.98;    3.49;   -1.54;    3.07;  13.0;  22.1;  -8.5;  48.70;    9;    44.6;    7.1;eor
        430;19950201;19950228;   10;  5.94;   5.10;    8.34;    1.74;    3.31;  15.0;  25.7;  -5.3;  68.50;    9;    64.3;    9.5;eor
        430;19950301;19950331;   10;  4.94;   4.16;    7.93;    0.36;    3.34;  16.4;  24.2;  -5.2; 123.40;    9;    39.4;    9.5;eor
        430;19950401;19950430;   10;  5.25;   9.17;   13.38;    4.80;    2.91;  27.5;  22.6;  -0.7; 161.00;    9;    30.5;    9.2;eor
        430;19950501;19950531;   10;  4.91;  13.75;   18.47;    8.24;    2.23;  29.4;  17.0;   2.0; 235.50;    9;    34.9;    8.8;eor
        430;19950601;19950630;   10;  5.14;  15.98;   20.12;   11.20;    2.15;  27.2;  17.5;   8.0; 179.40;    9;    77.2;   15.1;eor
        430;19950701;19950731;   10;  3.72;  22.12;   27.39;   16.48;    2.28;  33.8;  18.0;  11.2; 303.50;    9;    40.8;   15.5;eor
        430;19950801;19950831;   10;  3.92;  20.61;   25.83;   14.74;    2.19;  31.7;  15.9;   8.1; 272.90;    9;    34.0;   23.1;eor
        430;19950901;19950930;   10;  5.74;  14.38;   18.50;   11.04;    2.66;  23.9;  20.1;   3.9; 120.00;    9;    63.0;   16.4;eor
        430;19951001;19951031;   10;  4.67;  12.56;   16.74;    8.25;    2.10;  24.9;  15.4;  -1.9; 136.10;    9;     8.3;    3.6;eor
        430;19951101;19951130;   10;  5.38;   2.80;    5.47;   -0.15;    2.36;  11.6;  17.5;  -7.3;  74.70;    9;    38.5;   11.2;eor
        430;19951201;19951231;   10;  6.35;  -2.65;   -0.67;   -4.78;    2.30;   9.5;  13.4; -12.8;  37.00;    9;    22.7;   12.4;eor
        430;19960101;19960131;   10;  5.61;  -3.68;   -1.53;   -5.73;    2.58;   5.2;  13.4; -13.9;  57.80;    9;     0.4;    0.4;eor
        430;19960201;19960229;   10;  5.23;  -2.30;    0.58;   -5.40;    2.66;  11.1;  17.5; -15.0;  91.00;    9;    20.1;    6.7;eor
        430;19960301;19960331;   10;  5.03;   1.02;    4.24;   -1.92;    2.60;  11.8;  14.4;  -6.8; 123.80;    9;    11.8;    5.1;eor
        430;19960401;19960430;   10;  3.71;  10.43;   15.67;    4.06;    2.14;  29.0;  15.4;  -6.7; 221.60;    9;     6.7;    1.7;eor
        430;19960501;19960531;   10;  6.17;  12.60;   16.50;    8.47;    2.24;  29.9;  15.4;   0.2; 123.80;    9;    97.5;   22.4;eor
        430;19960601;19960630;   10;  5.09;  16.85;   21.16;   12.11;    2.27;  33.1;  15.4;   7.4; 194.70;    9;    36.4;   12.5;eor
        430;19960701;19960731;   10;  5.69;  16.93;   21.14;   12.46;    2.42;  27.0;  16.5;   6.8; 167.30;    9;   111.3;   34.9;eor
        430;19960801;19960831;   10;  4.43;  19.42;   24.16;   15.01;    2.24;  29.7;  13.4;  10.6; 216.10;    9;    37.6;    9.9;eor
        430;19960901;19960930;   10;  5.44;  11.86;   15.69;    8.17;    2.38;  22.0;  14.4;   4.4; 130.10;    9;    49.2;   12.5;eor
        430;19961001;19961031;   10;  5.32;  10.41;   14.07;    6.93;    2.08;  19.0;  22.1;   2.0;  99.80;    9;    51.4;   16.1;eor
        430;19961101;19961130;   10;  6.63;   5.57;    7.75;    3.36;    2.92;  16.1;  19.5;  -4.7;  24.80;    9;    26.0;    5.5;eor
        430;19961201;19961231;   10;  5.88;  -2.22;    0.01;   -4.57;    2.10;   9.3;  15.4; -17.3;  51.00;    9;     9.6;    3.3;eor
        430;19970101;19970131;   10;  5.44;  -1.90;    0.45;   -4.72;    1.99;   8.8;  11.8; -21.4;  72.00;    9;     4.7;    1.6;eor
        430;19970201;19970228;   10;  5.75;   4.55;    7.84;    0.99;    3.34;  14.2;  22.1;  -8.7;  73.30;    9;    52.8;   16.1;eor
        430;19970301;19970331;   10;  4.87;   5.68;    9.85;    1.50;    2.53;  19.0;  29.3;  -5.4; 154.70;    9;    22.2;    8.6;eor
        430;19970401;19970430;   10;  4.95;   7.16;   11.61;    2.46;    2.86;  18.3;  24.7;  -4.2; 162.30;    9;    36.0;    9.6;eor
        430;19970501;19970531;   10;  5.15;  14.17;   18.65;    8.91;    2.53;  29.1;  16.5;   0.0; 217.30;    9;    58.6;   14.3;eor
        430;19970601;19970630;   10;  4.44;  18.32;   22.89;   12.89;    2.39;  33.5;  13.4;   6.0; 257.70;    9;    31.5;   10.5;eor
        430;19970701;19970731;   10;  5.13;  19.51;   24.04;   14.87;    2.11;  27.2;  14.9;  12.6; 227.30;    9;    92.4;   33.5;eor
        430;19970801;19970831;   10;  3.76;  22.46;   27.76;   16.75;    1.89;  32.2;  12.9;  11.5; 261.10;    9;    27.7;   20.4;eor
        430;19970901;19970930;   10;  4.61;  15.01;   20.11;   10.08;    2.24;  28.2;  22.6;   3.3; 187.10;    9;    14.0;    4.1;eor
        430;19971001;19971031;   10;  5.52;   8.56;   12.72;    4.96;    2.67;  23.4;  19.5;  -6.7; 111.10;    9;    41.0;   11.0;eor
        430;19971101;19971130;   10;  6.69;   4.18;    6.22;    1.82;    2.40;  16.7;  13.4;  -2.9;  55.00;    9;    12.9;    5.2;eor
        430;19971201;19971231;   10;  6.37;   2.36;    4.27;    0.22;    2.59;  11.5;  15.9; -13.2;  34.60;    9;    55.6;   11.8;eor
        430;19980101;19980131;   10;  5.90;   3.31;    5.93;    0.93;    2.69;  13.6;  24.2;  -9.4;  63.30;    9;    43.3;    8.7;eor
        430;19980201;19980228;   10;  6.45;   6.20;    8.84;    3.22;    3.27;  16.2;  26.2; -13.0;  68.40;    9;     8.1;    3.3;eor
        430;19980301;19980331;   10;  5.11;   5.23;    8.88;    1.46;    2.90;  19.4;  23.1;  -4.8; 123.70;    9;    57.8;   13.3;eor
        430;19980401;19980430;   10;  5.82;  11.07;   14.85;    6.65;    2.55;  24.8;  15.9;   0.5; 129.30;    9;    32.1;    5.7;eor
        430;19980501;19980531;   10;  4.72;  15.97;   21.15;   10.21;    2.39;  30.0;  14.9;   5.0; 233.60;    9;    12.3;    6.0;eor
        430;19980601;19980630;   10;  5.29;  18.16;   23.10;   13.42;    2.20;  34.1;  21.6;   7.9; 191.80;    9;    64.2;   13.2;eor
        430;19980701;19980731;   10;  5.03;  17.88;   22.58;   13.46;    2.79;  36.5;  19.5;   9.5; 196.10;    9;    41.5;    8.8;eor
        430;19980801;19980831;   10;  5.16;  17.64;   22.74;   13.33;    2.64;  31.5;  23.7;   8.8; 185.90;    9;    49.1;   12.8;eor
        430;19980901;19980930;   10;  5.71;  14.83;   18.37;   11.24;    2.15;  24.9;  16.5;   6.2; 105.80;    9;    33.8;    9.3;eor
        430;19981001;19981031;   10;  6.10;   9.12;   12.12;    6.32;    3.36;  19.8;  19.5;   1.2;  66.70;    9;    93.7;   23.2;eor
        430;19981101;19981130;   10;  6.44;   1.87;    3.94;   -0.14;    2.45;  11.7;  19.0;  -8.9;  34.90;    9;    37.6;   12.5;eor
        430;19981201;19981231;   10;  5.70;   1.25;    3.47;   -1.21;    2.96;  12.7;  25.0; -12.5;  57.40;    9;    33.9;    7.5;eor
        430;19990101;19990131;   10;  6.01;   3.63;    6.31;    0.94;    2.72;  14.6;  18.0; -10.3;  60.30;    9;    26.1;    8.3;eor
        430;19990201;19990228;   10;  6.25;   1.64;    3.99;   -1.26;    3.01;  13.2;  22.0; -11.2;  63.70;    9;    39.8;    7.9;eor
        430;19990301;19990331;   10;  5.77;   5.98;    9.75;    2.46;    2.43;  19.8;  16.0;  -2.7; 114.00;    9;    39.4;    8.9;eor
        430;19990401;19990430;   10;  4.85;  10.57;   15.20;    5.67;    2.57;  21.2;  17.0;  -2.1; 165.50;    9;    37.2;    8.9;eor
        430;19990501;19990531;   10;  4.81;  15.12;   20.07;    9.29;    2.57;  30.7;  18.0;   2.7; 257.20;    9;    33.1;    8.2;eor
        430;19990601;19990630;   10;  4.80;  17.38;   21.93;   12.11;    2.38;  27.9;  14.0;   7.9; 211.10;    9;    45.5;   12.5;eor
        430;19990701;19990731;   10;  4.45;  21.35;   26.20;   15.93;    2.44;  35.4;  17.0;  11.3; 264.30;    9;    52.6;   25.4;eor
        430;19990801;19990831;   10;  4.42;  19.06;   24.10;   13.65;    2.37;  30.3;  18.0;   8.4; 206.40;    9;    30.4;    7.1;eor
        430;19990901;19990930;   10;  3.63;  18.86;   24.18;   13.71;    2.52;  29.7;  14.0;   6.5; 215.30;    9;    12.5;    4.0;eor
        430;19991001;19991031;   10;  5.13;  10.25;   14.27;    6.80;    2.80;  19.4;  20.0;  -0.4; 114.50;    9;    16.9;    4.0;eor
        430;19991101;19991130;   10;  5.91;   4.49;    7.10;    1.55;    2.25;  15.2;  15.0;  -6.2;  63.90;    9;    21.4;    5.3;eor
        430;19991201;19991231;   10;  6.25;   2.91;    5.12;    0.65;    3.30;  11.9;  26.0;  -3.9;  35.50;    9;    64.0;    8.3;eor
        430;20000101;20000131;   10;  5.95;   1.72;    4.15;   -1.26;    2.95;  10.8;  24.0; -13.7;  68.60;    9;    39.5;   10.1;eor
        430;20000201;20000229;   10;  5.98;   4.54;    7.64;    1.72;    3.20;  18.0;  20.0;  -3.5;  66.80;    9;    50.8;    9.1;eor
        430;20000301;20000331;   10;  6.55;   5.71;    9.07;    2.58;    3.12;  16.1;  21.0;  -2.1;  71.60;    9;    75.5;   12.2;eor
        430;20000401;20000430;   10;  4.69;  12.45;   17.40;    7.16;    2.54;  29.1;  17.0;  -1.6; 204.20;    9;    32.2;   13.9;eor
        430;20000501;20000531;   10;  3.70;  17.03;   22.39;   10.64;    2.31;  31.0;  19.0;   6.2; 298.30;    9;    12.9;    3.0;eor
        430;20000601;20000630;   10;  4.61;  18.94;   23.91;   13.39;    2.72;  36.9;  21.0;   7.4; 243.80;    9;    27.1;    8.5;eor
        430;20000701;20000731;   10;  6.35;  17.16;   21.12;   13.43;    2.71;  25.8;  15.0;   9.0; 109.80;    9;    56.2;   39.0;eor
        430;20000801;20000831;   10;  4.26;  18.86;   23.66;   13.93;    2.10;  31.7;  17.0;   9.6; 230.90;    9;    84.9;   27.1;eor
        430;20000901;20000930;   10;  4.69;  14.71;   18.53;   10.92;    2.54;  23.9;  15.0;   5.8; 151.30;    9;    41.1;   12.6;eor
        430;20001001;20001031;   10;  5.51;  12.54;   15.86;    9.62;    2.64;  22.8;  16.0;   6.1;  85.80;    9;    23.0;    4.6;eor
        430;20001101;20001130;   10;  5.42;   7.42;   10.16;    4.87;    2.46;  14.2;  13.0;   2.0; 102.00;    9;    18.6;    5.2;eor
        430;20001201;20001231;   10;  5.96;   3.54;    5.57;    1.41;    2.69;  14.5;  20.0;  -6.2;  66.10;    9;    34.8;    6.4;eor
        430;20010101;20010131;   10;  5.71;   1.47;    3.50;   -1.03;    2.39;  10.4;  18.0;  -5.4;  56.40;    9;    33.1;    9.2;eor
        430;20010201;20010228;   10;  5.99;   2.07;    5.35;   -1.40;    2.54;  13.8;  19.0;  -9.0;  62.70;    9;    28.2;    5.0;eor
        430;20010301;20010331;   10;  6.10;   3.69;    6.59;    0.76;    2.65;  14.1;  20.0;  -5.6;  92.90;    9;    42.6;    6.9;eor
        430;20010401;20010430;   10;  5.63;   8.60;   12.94;    4.40;    2.53;  25.3;  19.4;  -1.1; 118.60;    9;    26.2;    8.7;eor
        430;20010501;20010531;   10;  4.09;  15.35;   20.43;    9.69;    2.48;  28.3;  20.3;   5.1; 276.90;    9;    25.7;    9.4;eor
        430;20010601;20010630;   10;  5.37;  15.14;   19.93;   10.54;    2.40;  28.2;  19.4;   4.3; 181.70;    9;    62.7;    7.8;eor
        430;20010701;20010731;   10;  4.23;  20.49;   25.39;   14.95;    2.23;  32.0;  15.8;  10.0; 250.50;    9;    38.2;    6.5;eor
        430;20010801;20010831;   10;  4.40;  19.88;   24.96;   15.15;    2.42;  34.4;  15.7;  10.3; 201.50;    9;    55.7;   10.5;eor
        430;20010901;20010930;   10;  6.35;  13.13;   16.59;   10.40;    2.73;  22.4;  18.2;   7.2;  75.30;    9;   111.3;   23.3;eor
        430;20011001;20011031;   10;  5.10;  13.30;   16.88;    9.92;    2.52;  22.7;  20.6;   5.0; 103.10;    9;    24.5;    5.0;eor
        430;20011101;20011130;   10;  5.98;   4.44;    7.05;    0.83;    2.73;  11.8;  16.4;  -4.9;  49.80;    9;    37.2;   10.4;eor
        430;20011201;20011231;   10;  6.72;   0.19;    2.08;   -2.00;    2.90;   8.2;  22.5; -12.3;  27.80;    9;    27.3;    6.5;eor
        430;20020101;20020131;   10;  5.92;   2.38;    4.84;   -0.32;    3.03;  14.9;  33.5; -12.5;  68.30;    9;    32.8;    7.3;eor
        430;20020201;20020228;   10;  4.95;   5.64;    9.06;    2.11;    3.50;  16.8;  25.6;  -5.6;  92.80;    9;    69.5;   13.5;eor
        430;20020301;20020331;   10;  5.97;   5.77;    9.42;    2.15;    2.71;  18.5;  23.8;  -3.6;  98.60;    9;    41.5;   10.9;eor
        430;20020401;20020430;   10;  4.69;   9.04;   13.28;    4.54;    2.40;  19.1;  23.4;  -4.5; 144.50;    9;    39.1;   13.8;eor
        430;20020501;20020531;   10;  5.15;  15.90;   20.30;   11.38;    2.26;  27.1;  16.3;   6.7; 196.30;    9;    52.7;   15.2;eor
        430;20020601;20020630;   10;  4.92;  18.14;   22.66;   13.13;    2.67;  33.8;  17.2;   6.9; 201.70;    9;    28.3;    5.9;eor
        430;20020701;20020731;   10;  5.16;  19.53;   24.13;   14.95;    2.55;  33.5;  33.2;   9.4; 168.90;    9;    57.3;   13.1;eor
        430;20020801;20020831;   10;  4.31;  21.40;   26.32;   16.63;    2.10;  32.4;  13.0;  12.4; 225.20;    9;   107.0;   49.2;eor
        430;20020901;20020930;   10;  4.06;  15.20;   19.87;   10.31;    2.17;  27.7;  13.0;   0.4; 183.20;    9;    41.3;   23.2;eor
        430;20021001;20021031;   10;  5.48;   8.49;   12.13;    4.80;    2.68;  19.7;  27.4;   0.5;  96.30;    9;   117.3;   31.7;eor
        430;20021101;20021130;   10;  5.89;   4.70;    7.20;    2.08;    2.37;  12.0;  17.9;  -4.3;  54.40;    9;    48.5;   11.9;eor
        430;20021201;20021231;   10;  5.55;  -1.50;    0.41;   -3.46;    2.61;   7.2;  16.1; -11.3;  65.70;    9;    12.3;    3.7;eor
        430;20030101;20030131;   10;  6.36;   0.06;    2.64;   -3.18;    2.71;   9.6;  16.6; -17.4;  39.50;    9;    50.7;   15.0;eor
        430;20030201;20030228;   10;  4.21;  -1.21;    2.32;   -4.74;    2.29;  10.7;  10.8; -10.9; 112.90;    9;     4.4;    2.3;eor
        430;20030301;20030331;   10;  4.29;   4.96;    9.86;   -0.10;    2.39;  17.8;  13.8;  -4.4; 159.10;    9;    16.9;    5.8;eor
        430;20030401;20030430;   10;  3.60;   9.48;   14.65;    3.59;    2.77;  22.4;  18.8;  -6.8; 214.30;    9;    24.1;    5.3;eor
        430;20030501;20030531;   10;  4.35;  15.99;   21.16;   10.17;    2.55;  29.6;  20.3;   2.8; 242.40;    9;    29.3;    9.8;eor
        430;20030601;20030630;   10;  3.90;  20.08;   25.29;   14.02;    2.50;  32.7;  31.3;  10.5; 286.60;    9;    44.7;   16.5;eor
        430;20030701;20030731;   10;  4.60;  20.76;   25.86;   15.94;    2.42;  33.9;  14.4;  10.9; 218.10;    9;    34.1;    8.2;eor
        430;20030801;20030831;   10;  3.30;  21.03;   27.00;   15.00;    2.42;  34.7;  21.5;   9.7; 270.10;    9;    30.8;   15.6;eor
        430;20030901;20030930;   10;  4.23;  15.65;   21.23;   10.10;    2.17;  30.0;  14.9;   4.8; 198.20;    9;    40.1;   16.5;eor
        430;20031001;20031031;   10;  4.50;   6.81;   11.06;    2.09;    2.45;  18.0;  18.6;  -5.8; 131.40;    9;    45.2;    7.3;eor
        430;20031101;20031130;   10;  5.55;   7.07;    9.91;    4.31;    2.60;  15.4;  19.1;  -2.7;  61.10;    9;    38.8;   12.0;eor
        430;20031201;20031231;   10;  5.33;   3.22;    5.89;    0.36;    2.84;  11.3;  22.7;  -7.8;  70.20;    9;    39.2;   14.7;eor
        430;20040101;20040131;   10;  6.18;  -0.78;    1.60;   -3.43;    2.48;   8.7;  20.8; -10.6;  52.10;    9;    68.7;   17.8;eor
        430;20040201;20040229;   10;  5.62;   3.18;    6.17;   -0.10;    2.86;  15.5;  20.7;  -7.6;  61.00;    9;    45.1;   13.2;eor
        430;20040301;20040331;   10;  5.28;   5.65;    9.51;    1.44;    2.87;  20.8;  25.6;  -6.9; 120.70;    9;    12.2;    5.6;eor
        430;20040401;20040430;   10;  4.32;  10.68;   15.70;    5.26;    2.40;  22.7;  16.9;  -2.8; 186.00;    9;    23.6;    7.1;eor
        430;20040501;20040531;   10;  5.40;  13.18;   17.67;    7.95;    2.55;  24.8;  19.8;   1.1; 157.10;    9;    32.0;   11.6;eor
        430;20040601;20040630;   10;  5.34;  16.27;   21.06;   11.26;    2.50;  25.6;  17.3;   7.0; 169.00;    9;    45.4;   11.0;eor
        430;20040701;20040731;   10;  4.89;  17.97;   22.94;   13.02;    2.45;  29.4;  20.8;   8.9; 214.40;    9;   101.4;   22.0;eor
        430;20040801;20040831;   10;  4.00;  20.30;   25.31;   15.22;    2.29;  31.5;  15.5;   9.1; 231.10;    9;    60.0;   14.9;eor
        430;20040901;20040930;   10;  4.13;  15.11;   19.97;   10.13;    2.63;  26.1;  20.5;   6.2; 192.60;    9;    33.3;    9.4;eor
        430;20041001;20041031;   10;  4.96;  10.75;   14.83;    6.79;    2.55;  25.0;  21.2;  -0.7; 126.80;    9;    23.8;    7.3;eor
        430;20041101;20041130;   10;  6.20;   4.93;    7.48;    1.90;    2.87;  14.8;  20.4;  -3.6;  40.50;    9;    59.3;   11.8;eor
        430;20041201;20041231;   10;  6.42;   2.66;    4.79;    0.10;    2.71;   9.5;  20.4;  -6.0;  35.50;    9;    22.5;    4.6;eor
        430;20050101;20050131;   10;  6.09;   3.26;    5.45;    0.85;    3.29;  13.8;  27.6;  -7.0;  33.30;    9;    46.3;   10.0;eor
        430;20050201;20050228;   10;  5.75;  -0.02;    2.42;   -3.08;    2.71;  10.7;  23.4; -14.0;  74.10;    9;    38.9;   15.9;eor
        430;20050301;20050331;   10;  5.40;   3.89;    7.55;    0.05;    2.90;  18.1;  17.0;  -9.0; 128.10;    9;    13.9;    6.5;eor
        430;20050401;20050430;   10;  3.77;  10.63;   16.07;    4.65;    2.27;  21.6;  13.9;  -1.5; 237.10;    9;    10.9;    4.5;eor
        430;20050501;20050531;   10;  5.42;  14.14;   18.95;    9.21;    2.55;  32.9;  23.4;   1.9; 204.90;    9;   101.1;   26.7;eor
        430;20050601;20050630;   10;  4.73;  17.07;   22.16;   11.09;    2.40;  32.7;  19.1;   5.7; 245.80;    9;    39.0;   18.1;eor
        430;20050701;20050731;   10;  5.45;  19.40;   23.96;   15.17;    2.52;  30.7;  17.0;  11.4; 198.00;    9;   180.2;   38.7;eor
        430;20050801;20050831;   10;  4.90;  17.21;   21.71;   12.54;    2.29;  28.1;  14.2;   8.6; 210.10;    9;    49.7;   10.5;eor
        430;20050901;20050930;   10;  3.46;  16.41;   21.47;   11.25;    1.93;  29.4;  13.7;   3.9; 214.60;    9;    51.2;   12.3;eor
        430;20051001;20051031;   10;  3.35;  12.12;   16.76;    7.95;    2.32;  20.9;  17.4;   0.2; 179.90;    9;    28.2;    9.6;eor
        430;20051101;20051130;   10;  5.60;   5.25;    7.95;    2.28;    2.27;  17.6;  12.2;  -3.3;  67.70;    9;    20.7;    6.3;eor
        430;20051201;20051231;   10;  6.47;   1.64;    3.81;   -0.99;    2.55;   8.2;  18.0;  -8.9;  30.00;    9;    44.9;    6.5;eor
        430;20060101;20060131;   10;  4.79;  -3.21;   -0.43;   -6.23;    2.23;   4.5;  12.2; -16.7;  96.00;    9;    17.2;    6.3;eor
        430;20060201;20060228;   10;  6.28;   0.22;    2.73;   -2.78;    2.50;   9.0;  18.5; -12.6;  48.60;    9;    34.7;    7.4;eor
        430;20060301;20060331;   10;  5.74;   1.76;    5.33;   -2.24;    2.45;  18.5;  17.4; -13.3;  95.40;    9;    43.7;    8.5;eor
        430;20060401;20060430;   10;  5.59;   9.28;   13.74;    4.70;    2.43;  22.7;  21.0;  -1.1; 127.10;    9;    41.4;    6.9;eor
        430;20060501;20060531;   10;  4.21;  14.66;   19.83;    9.06;    2.55;  26.0;  21.1;   2.9; 237.00;    9;    56.6;   14.7;eor
        430;20060601;20060630;   10;  4.41;  18.86;   23.85;   13.03;    2.17;  32.8;  17.3;   3.7; 265.20;    9;    12.9;    4.6;eor
        430;20060701;20060731;   10;  2.73;  24.42;   30.23;   17.79;    2.10;  35.9;  13.3;  11.8; 372.20;    9;    75.8;   60.1;eor
        430;20060801;20060831;   10;  5.64;  17.64;   22.17;   13.87;    2.45;  27.7;  17.2;  10.9; 153.80;    9;   212.1;  130.0;eor
        430;20060901;20060930;   10;  3.15;  18.58;   23.86;   13.54;    2.43;  27.7;  15.6;   8.2; 234.30;    9;    13.9;    5.0;eor
        430;20061001;20061031;   10;  5.55;  12.92;   17.06;    9.16;    2.45;  22.5;  16.8;   3.6; 108.30;    9;    29.4;    7.8;eor
        430;20061101;20061130;   10;  5.53;   8.01;   11.04;    4.93;    2.90;  18.4;  19.5;  -2.1;  74.10;    9;    32.0;    7.5;eor
        430;20061201;20061231;   10;  6.28;   5.85;    8.02;    3.59;    2.74;  15.1;  22.2;  -1.2;  49.50;    9;    27.4;    7.9;eor
        430;20070101;20070131;   10;  6.06;   5.51;    7.94;    2.49;    3.84;  14.1;  33.1;  -9.5;  37.40;    9;    70.1;   22.0;eor
        430;20070201;20070228;   10;  6.91;   3.76;    6.33;    1.11;    2.82;  12.2;  14.6;  -6.2;  57.20;    9;    48.0;    7.0;eor
        430;20070301;20070331;   10;  4.19;   7.86;   12.19;    3.64;    2.81;  19.4;  23.3;  -1.9; 173.50;    9;    48.9;   16.4;eor
        430;20070401;20070430;   10;  3.37;  12.28;   17.79;    6.05;    2.47;  27.3;  17.3;   0.0; 267.30;    9;     1.2;    0.5;eor
        430;20070501;20070531;   10;  4.61;  16.04;   21.30;   10.46;    2.48;  31.6;  21.2;   2.0; 241.60;    9;   173.5;   25.1;eor
        430;20070601;20070630;   10;  5.12;  19.24;   24.15;   14.58;    2.43;  30.6;  20.5;   9.2; 216.70;    9;   107.1;   48.6;eor
        430;20070701;20070731;   10;  5.53;  18.59;   22.97;   14.11;    2.68;  36.4;  20.7;   9.7; 173.80;    9;   104.3;   19.9;eor
        430;20070801;20070831;   10;  4.60;  18.63;   23.45;   13.55;    2.35;  29.9;  14.3;   6.7; 219.00;    9;   140.6;   34.9;eor
        430;20070901;20070930;   10;  5.12;  13.81;   17.83;    9.80;    2.57;  24.6;  16.6;   5.6; 141.20;    9;    80.7;   16.4;eor
        430;20071001;20071031;   10;  5.40;   8.98;   12.43;    5.33;    2.00;  18.4;  14.2;  -1.5; 108.90;    9;     4.3;    1.6;eor
        430;20071101;20071130;   10;  6.23;   4.24;    6.76;    1.27;    2.77;  13.5;  18.6;  -5.1;  39.30;    9;    50.2;    7.6;eor
        430;20071201;20071231;   10;  6.50;   2.67;    4.54;    0.61;    2.65;  14.1;  22.9;  -6.2;  35.70;    9;    29.3;    6.2;eor
        430;20080101;20080131;   10;  6.16;   4.11;    6.53;    1.01;    3.13;  11.6;  21.1;  -7.6;  48.30;    9;   110.8;   34.5;eor
        430;20080201;20080229;   10;  5.65;   5.13;    8.41;    1.73;    2.90;  14.4;  20.8;  -6.0;  89.00;    9;    15.8;    7.1;eor
        430;20080301;20080331;   10;  5.82;   5.04;    8.79;    1.44;    3.10;  16.7;  22.7;  -5.5; 117.00;    9;    63.7;   11.6;eor
        430;20080401;20080430;   10;  5.77;   9.04;   13.10;    4.86;    2.23;  22.5;  16.8;  -0.8; 135.90;    9;    67.4;   17.3;eor
        430;20080501;20080531;   10;  3.77;  15.99;   21.68;    9.39;    2.29;  29.7;  16.7;   3.6; 298.20;    9;     8.0;    5.1;eor
        430;20080601;20080630;   10;  3.80;  19.10;   24.46;   12.96;    2.67;  32.7;  18.1;   7.8; 298.40;    9;    29.5;    9.0;eor
        430;20080701;20080731;   10;  4.73;  19.98;   25.25;   14.72;    2.39;  33.5;  19.0;  10.0; 236.50;    9;    37.3;   14.6;eor
        430;20080801;20080831;   10;  5.10;  19.04;   23.76;   14.20;    2.71;  34.5;  19.6;  10.0; 173.70;    9;    45.4;    9.5;eor
        430;20080901;20080930;   10;  5.44;  14.01;   18.06;   10.01;    2.20;  24.6;  13.3;   4.3; 136.40;    9;    46.0;   15.9;eor
        430;20081001;20081031;   10;  5.09;  10.11;   13.74;    6.33;    2.42;  20.8;  19.9;   2.0;  98.50;    9;    74.5;   18.8;eor
        430;20081101;20081130;   10;  6.30;   6.17;    8.28;    3.63;    2.77;  15.8;  18.7;  -3.0;  36.60;    9;    24.5;    8.7;eor
        430;20081201;20081231;   10;  6.20;   2.15;    3.86;    0.02;    2.39;   9.2;  17.7;  -8.0;  34.30;    9;    32.5;   10.3;eor
        430;20090101;20090131;   10;  5.51;  -1.62;    0.97;   -5.05;    2.06;   5.9;  12.5; -17.1;  60.90;    9;    15.1;    5.6;eor
        430;20090201;20090228;   10;  6.86;   1.00;    3.05;   -1.16;    2.54;   7.9;  14.6;  -6.0;  29.90;    9;    38.1;    8.0;eor
        430;20090301;20090331;   10;  6.07;   5.49;    8.82;    2.07;    2.65;  14.0;  18.4;  -4.0;  83.40;    9;    34.3;    6.3;eor
        430;20090401;20090430;   10;  2.65;  13.78;   19.73;    7.40;    2.43;  26.4;  15.3;  -0.8; 312.00;    9;     2.2;    1.9;eor
        430;20090501;20090531;   10;  4.47;  14.54;   19.94;    8.58;    2.39;  28.9;  20.0;   3.4; 249.00;    9;    72.9;   15.7;eor
        430;20090601;20090630;   10;  5.22;  15.80;   20.26;   11.30;    2.63;  27.6;  18.3;   4.7; 197.30;    9;    64.9;   13.7;eor
        430;20090701;20090731;   10;  4.87;  19.92;   25.10;   14.85;    2.52;  30.4;  17.5;   9.4; 227.40;    9;    46.2;   11.0;eor
        430;20090801;20090831;   10;  3.69;  20.65;   26.34;   14.38;    2.29;  32.7;  14.7;   9.4; 282.00;    9;    19.9;   12.4;eor
        430;20090901;20090930;   10;  4.07;  15.98;   21.19;   10.57;    2.23;  32.2;  16.5;   3.6; 210.30;    9;    36.7;   11.6;eor
        430;20091001;20091031;   10;  5.93;   8.28;   11.23;    5.26;    2.42;  23.3;  18.8;   0.0;  74.40;    9;    70.5;   11.6;eor
        430;20091101;20091130;   10;  6.13;   8.04;   10.61;    5.64;    2.73;  15.1;  18.7;  -2.0;  56.70;    9;    68.7;   19.5;eor
        430;20091201;20091231;   10;  6.66;   0.32;    2.10;   -1.85;    2.35;  10.1;  22.2; -14.7;  34.50;    9;    57.8;   11.4;eor
        430;20100101;20100131;   10;  7.06;  -4.59;   -2.70;   -6.98;    2.61;   2.5;  19.2; -18.3;  26.90;    9;    13.3;    4.1;eor
        430;20100201;20100228;   10;  6.79;   0.12;    2.40;   -2.28;    2.50;  12.2;  21.7;  -6.7;  49.70;    9;    17.8;    5.2;eor
        430;20100301;20100331;   10;  5.53;   5.18;    9.14;    0.63;    2.74;  22.9;  23.8;  -9.0; 115.30;    9;    34.6;    7.3;eor
        430;20100401;20100430;   10;  4.40;   9.73;   15.22;    3.68;    2.57;  24.8;  21.6;  -1.2; 214.60;    9;     9.2;    7.1;eor
        430;20100501;20100531;   10;  6.46;  11.49;   15.14;    7.32;    2.29;  22.0;  12.6;  -1.1;  99.20;    9;    82.7;   17.3;eor
        430;20100601;20100630;   10;  3.80;  18.21;   23.32;   11.76;    2.20;  31.2;  16.6;   7.4; 300.80;    9;     1.8;    1.6;eor
        430;20100701;20100731;   10;  3.88;  23.21;   28.63;   17.11;    2.16;  37.7;  16.5;  12.2; 312.20;    9;    43.4;   25.9;eor
        430;20100801;20100831;   10;  5.88;  18.85;   23.15;   14.89;    2.32;  30.3;  17.6;  10.0; 153.40;    9;   121.9;   19.4;eor
        430;20100901;20100930;   10;  5.15;  13.56;   17.51;    9.38;    2.43;  24.3;  15.0;   2.5; 132.70;    9;    75.7;   23.3;eor
        430;20101001;20101031;   10;  4.93;   8.43;   12.22;    4.57;    2.58;  18.1;  18.9;  -0.9; 130.60;    9;    21.6;    5.9;eor
        430;20101101;20101130;   10;  7.07;   5.20;    7.27;    2.88;    2.50;  17.7;  24.7;  -7.3;  22.50;    9;    82.6;   16.6;eor
        430;20101201;20101231;   10;  6.98;  -4.14;   -1.93;   -7.09;    2.42;   5.1;  14.8; -14.5;  14.70;    9;    41.9;    5.3;eor
        430;20110101;20110131;   10;  6.31;   1.71;    3.89;   -0.82;    2.35;  11.0;  14.9;  -8.7;  41.60;    9;    38.6;    9.1;eor
        430;20110201;20110228;   10;  5.43;   0.11;    2.89;   -2.75;    3.04;  10.3;  21.0; -11.6;  95.90;    9;    21.1;   10.7;eor
        430;20110301;20110331;   10;  3.92;   5.16;   10.28;   -0.09;    2.26;  16.9;  16.7;  -9.0; 195.40;    9;    14.1;    6.7;eor
        430;20110401;20110430;   10;  4.08;  13.02;   18.40;    7.44;    2.43;  24.7;  22.7;   0.1; 217.40;    9;    29.7;    9.6;eor
        430;20110501;20110531;   10;  3.89;  15.43;   21.51;    8.87;    2.55;  32.4;  17.7;  -1.1; 288.60;    9;    25.3;    9.2;eor
        430;20110601;20110630;   10;  4.62;  18.69;   23.84;   13.25;    2.47;  31.8;  23.4;   9.3; 259.90;    9;    66.1;   16.7;eor
        430;20110701;20110731;   10;  5.92;  17.98;   21.85;   14.11;    2.61;  29.1;  19.0;   9.0; 167.90;    9;   181.0;   47.0;eor
        430;20110801;20110831;   10;  5.17;  18.90;   23.23;   14.56;    2.55;  30.6;  22.2;   9.4; 187.00;    9;    66.4;   10.9;eor
        430;20110901;20110930;   10;  4.65;  16.19;   20.90;   11.07;    2.20;  28.1;  16.6;   6.5; 193.80;    9;    45.9;   10.9;eor
        430;20111001;20111031;   10;  4.09;  10.50;   15.16;    6.27;    2.42;  26.6;  17.6;   0.0; 158.30;    9;    34.6;   13.2;eor
        430;20111101;20111130;   10;  4.12;   5.22;    8.82;    2.24;    2.27;  15.2;  19.4;  -3.8; 124.80;    9;     0.2;    0.2;eor
        430;20111201;20111231;   10;  6.77;   4.85;    6.91;    2.46;    3.45;  13.0;  21.0;  -0.7;  17.50;    9;    64.0;   21.6;eor
        430;20120101;20120131;   10;  6.09;   2.05;    4.21;   -0.39;    3.06;  12.7;  21.5; -10.3;  52.90;    9;    50.0;    6.9;eor
        430;20120201;20120229;   10;  5.42;  -1.58;    1.56;   -5.56;    2.72;  12.0;  17.3; -19.6;  93.80;    9;    29.3;    7.1;eor
        430;20120301;20120331;   10;  4.87;   7.68;   12.23;    2.99;    2.71;  20.5;  19.6;  -3.5; 161.30;    9;     8.5;    3.4;eor
        430;20120401;20120430;   10;  5.48;   9.78;   14.60;    4.50;    2.50;  30.3;  16.1;  -3.2; 149.60;    9;    22.3;    7.6;eor
        430;20120501;20120531;   10;  4.80;  15.86;   20.96;   10.25;    2.48;  30.8;  13.5;   3.1; 238.20;    9;    42.8;   13.3;eor
        430;20120601;20120630;   10;  5.76;  16.55;   21.09;   11.57;    2.60;  32.4;  17.9;   5.5; 166.60;    9;    62.3;    8.4;eor
        430;20120701;20120731;   10;  5.16;  18.98;   23.53;   14.24;    2.39;  32.4;  18.9;  10.1; 207.10;    9;   103.4;   26.8;eor
        430;20120801;20120831;   10;  4.50;  19.23;   23.97;   14.40;    2.23;  35.4;  16.4;  10.5; 236.50;    9;    65.1;   39.1;eor
        430;20120901;20120930;   10;  4.73;  15.12;   20.11;   10.06;    2.33;  28.8;  17.7;   4.4; 185.50;    9;    30.3;    7.9;eor
        430;20121001;20121031;   10;  4.97;   9.70;   14.07;    5.52;    2.29;  23.1;  25.5;  -4.5; 136.10;    9;    31.1;    7.5;eor
        430;20121101;20121130;   10;  6.29;   6.01;    8.20;    3.49;    2.47;  12.4;  15.1;  -2.6;  41.30;    9;    41.4;   13.6;eor
        430;20121201;20121231;   10;  6.55;   1.09;    3.21;   -1.35;    2.58;  12.6;  17.0;  -9.6;  31.80;    9;    36.8;    6.6;eor
        430;20130101;20130131;   10;  7.05;   0.34;    2.15;   -1.93;    2.58;  12.3;  21.0; -13.7;  17.70;    9;    56.4;   14.1;eor
        430;20130201;20130228;   10;  6.98;   0.45;    2.17;   -1.52;    2.39;   7.5;  17.2;  -5.3;  22.10;    9;    25.0;    6.7;eor
        430;20130301;20130331;   10;  5.35;  -0.55;    2.77;   -4.14;    2.55;  13.6;  14.6; -11.5; 136.50;    9;    22.0;    7.0;eor
        430;20130401;20130430;   10;  5.86;   9.36;   13.65;    4.51;    2.40;  25.2;  15.3;  -5.8; 138.30;    9;    24.0;   12.4;eor
        430;20130501;20130531;    3;  5.57;  14.59;   19.35;    9.38;    2.32;  28.8;  15.8;   2.6; 168.10;    9;    78.0;   35.8;eor
        430;20130601;20130630;    3;  5.10;  17.99;   22.67;   12.60;    2.50;  33.7;  18.3;   5.5; 221.38;    9;    80.5;   28.0;eor
        430;20130701;20130731;    3;  4.16;  21.22;   26.26;   15.60;    2.19;  34.4;  16.6;  11.4; 301.38;    9;    40.3;   25.8;eor
        430;20130801;20130831;    3;  4.73;  19.60;   24.69;   14.44;    2.13;  33.8;  20.9;   9.4; 219.78;    9;    49.2;   16.4;eor
        430;20130901;20130930;    3;  5.47;  13.66;   17.58;    9.75;    2.37;  25.9;  15.5;   2.8; 111.63;    9;    60.6;   15.6;eor
        430;20131001;20131031;    3;  5.24;  11.75;   15.59;    7.53;    2.42;  21.7;  23.3;   0.3; 105.45;    9;    59.2;   27.6;eor
        430;20131101;20131130;    3;  6.23;   5.74;    8.02;    3.00;    2.50;  14.5;  15.3;  -5.2;  37.00;    9;    50.7;    9.1;eor
        430;20131201;20131231;    3;  6.31;   4.68;    7.00;    2.54;    2.87;  10.7;  26.6;  -2.7;  46.17;    9;    38.3;    7.4;eor
        430;20140101;20140131;    3;  6.47;   0.97;    3.11;   -1.49;    2.87;  12.6;  18.0; -13.7;  38.43;    9;    31.6;    9.6;eor
        430;20140201;20140228;    3;  4.94;   5.66;    9.61;    1.88;    2.79;  14.0;  18.7;  -1.8; 118.95;    9;    12.8;    6.0;eor
        430;20140301;20140331;    3;  4.45;   8.10;   13.01;    2.96;    2.39;  21.8;  19.3;  -2.6; 167.35;    9;    19.7;    7.2;eor
        430;20140401;20140430;    3;  5.18;  12.23;   17.10;    7.14;    2.37;  22.7;  21.5;  -0.5; 175.99;    9;    26.2;    4.5;eor
        430;20140501;20140531;    3;  5.32;  13.91;   18.61;    8.76;    2.52;  29.8;  19.4;   1.6; 184.40;    9;    82.7;   17.8;eor
        430;20140601;20140630;    3;  5.05;  17.39;   22.35;   11.80;    2.27;  33.7;  17.4;   6.1; 221.15;    9;    58.0;   17.8;eor
        430;20140701;20140731;    3;  4.84;  21.75;   27.13;   16.64;    2.13;  34.2;  17.5;   9.7; 266.93;    9;    63.3;   16.4;eor
        430;20140801;20140831;    3;  5.05;  17.92;   23.05;   12.73;    2.42;  29.4;  23.4;   6.6; 196.48;    9;    27.1;    6.8;eor
        430;20140901;20140930;    3;  5.24;  16.54;   20.83;   12.44;    2.13;  27.2;  13.5;   6.1; 154.80;    9;    30.8;   10.0;eor
        430;20141001;20141031;    3;  5.53;  12.97;   16.29;    9.63;    2.23;  22.3;  14.7;   3.0;  98.75;    9;    30.7;    9.0;eor
        430;20141101;20141130;    3;  6.47;   7.35;    9.49;    5.23;    2.43;  19.5;  12.5;  -2.1;  55.32;    9;     6.3;    3.8;eor
        430;20141201;20141231;    3;  6.64;   2.95;    4.97;    0.39;    2.94;  12.1;  21.5;  -8.1;  29.30;    9;    43.5;    5.5;eor
        430;20150101;20150131;    3;  6.86;   3.26;    5.18;    1.05;    3.19;  13.0;  22.4;  -3.1;  23.56;    9;    63.4;   11.5;eor
        430;20150201;20150228;    3;  4.76;   2.12;    5.60;   -1.48;    2.43;  11.2;  15.8;  -8.2; 109.31;    9;     6.7;    2.9;eor
        430;20150301;20150331;    3;  5.55;   6.36;   10.33;    2.21;    2.81;  17.5;  28.8;  -3.2; 126.85;    9;    36.0;    7.0;eor
        430;20150401;20150430;    3;  4.36;   9.40;   14.97;    3.23;    2.53;  23.3;  21.8;  -3.5; 209.57;    9;    24.1;    5.5;eor
        430;20150501;20150531;    3;  4.91;  13.50;   19.00;    6.79;    2.52;  28.0;  23.1;   1.7; 207.82;    9;    18.9;    9.7;eor
        430;20150601;20150630;    3;  5.20;  17.03;   21.83;   11.81;    2.43;  31.2;  16.1;   5.4; 201.82;    9;    39.1;   12.9;eor
        430;20150701;20150731;    3;  4.77;  20.24;   25.36;   14.95;    2.87;  37.5;  21.3;   9.2; 227.44;    9;    58.7;   18.5;eor
        430;20150801;20150831;    3;  4.42;  22.46;   28.86;   16.27;    2.39;  37.6;  18.7;   8.2; 278.47;    9;    29.6;   14.7;eor
        430;20150901;20150930;    3;  4.47;  14.68;   19.88;    9.78;    2.53;  28.2;  18.3;   3.2; 165.63;    9;    24.4;    3.9;eor
        430;20151001;20151031;    3;  5.39;   8.97;   12.68;    5.43;    2.29;  20.3;  12.3;  -0.2; 127.42;    9;    64.0;   15.6;eor
        430;20151101;20151130;    3;  6.12;   8.04;   11.14;    4.83;    3.00;  17.5;  24.9;  -2.4;  48.40;    9;    70.9;   22.9;eor
        430;20151201;20151231;    3;  6.21;   7.45;    9.80;    4.61;    3.10;  14.9;  21.1;  -2.5;  61.25;    9;    28.2;    8.9;eor
        430;20160101;20160131;    3;  6.30;   0.19;    2.53;   -2.53;    2.74;  11.8;  22.3; -11.2;  44.42;    9;    40.4;    5.0;eor
        430;20160201;20160229;    3;  6.19;   4.17;    7.16;    1.16;    3.10;  11.9;  25.0;  -4.1;  56.81;    9;    37.1;    9.7;eor
        430;20160301;20160331;    3;  5.95;   5.06;    8.71;    1.22;    2.32;  16.3;  19.9;  -4.6;  94.20;    9;    25.5;    5.3;eor
        430;20160401;20160430;    3;  5.18;   9.40;   14.07;    4.24;    2.60;  22.8;  16.8;   0.0; 170.08;    9;    31.0;    8.4;eor
        430;20160501;20160531;    3;  4.50;  16.39;   21.50;   10.73;    2.68;  28.9;  18.2;   5.3; 247.20;    9;    26.3;   11.6;eor
        430;20160601;20160630;    3;  4.62;  19.61;   24.63;   14.26;    2.37;  35.1;  16.8;   9.5; 250.97;    9;    67.7;   15.0;eor
        430;20160701;20160731;    3;  5.39;  20.26;   25.39;   15.05;    2.58;  32.1;  21.3;   8.6; 197.75;    9;    29.9;    9.6;eor
        430;20160801;20160831;    3;  4.45;  18.75;   24.37;   13.31;    2.45;  34.7;  17.0;   6.8; 203.53;    9;    32.5;   11.0;eor
        430;20160901;20160930;    3;  3.96;  18.58;   24.46;   12.66;    2.27;  31.7;  15.3;   7.2; 235.42;    9;    15.0;   12.4;eor
        430;20161001;20161031;    3;  6.57;   8.96;   11.52;    5.89;    2.26;  17.8;  15.4;  -0.2;  46.38;    9;    44.5;    8.9;eor
        430;20161101;20161130;    3;  5.62;   4.15;    7.23;    0.70;    2.47;  14.3;  17.8;  -7.2;  65.17;    9;    35.7;    7.0;eor
        430;20161201;20161231;    3;  6.06;   3.21;    5.46;    0.20;    2.81;  11.0;  20.6;  -6.5;  46.90;    9;    42.8;   15.2;eor
        430;20170101;20170131;    3;  5.88;  -0.77;    1.50;   -3.35;    2.58;   6.9;  21.8;  -9.7;  55.35;    3;    26.7;    7.8;eor
        430;20170201;20170228;    3;  6.04;   2.35;    5.31;   -0.79;    2.96;  14.0;  23.5;  -7.4;  62.48;    3;    22.7;    7.6;eor
        430;20170301;20170331;    3;  5.75;   7.64;   12.06;    2.75;    2.48;  22.4;  22.5;  -2.1; 126.13;    3;    47.6;   12.7;eor
        430;20170401;20170430;    3;  5.58;   8.38;   12.98;    3.56;    2.90;  23.4;  20.6;  -1.8; 141.77;    3;    25.3;    7.0;eor
        430;20170501;20170531;    3;  4.90;  15.38;   20.71;    9.33;    2.48;  31.5;  16.5;   0.9; 215.30;    3;    32.3;   14.5;eor
        430;20170601;20170630;    3;  5.06;  18.43;   23.74;   12.75;    2.60;  31.0;  18.3;   8.0; 224.90;    3;   260.5;  196.9;eor
        430;20170701;20170731;    3;  5.51;  18.87;   23.63;   14.30;    2.35;  31.9;  15.1;  10.2; 202.62;    3;   163.3;   59.2;eor
        430;20170801;20170831;    3;  4.94;  19.08;   23.97;   13.75;    2.42;  30.3;  19.0;   7.9; 207.37;    3;    42.6;    9.0;eor
        430;20170901;20170930;    3;  5.10;  14.09;   18.68;    9.74;    2.50;  22.8;  23.5;   4.8; 147.37;    3;    36.3;   11.8;eor
        430;20171001;20171031;    3;  5.67;  11.75;   15.08;    8.17;    3.00;  22.4;  30.9;   2.4;  77.73;    3;    71.9;   13.4;eor
        430;20171101;20171130;    3;  6.47;   6.05;    8.49;    3.18;    2.67;  14.6;  20.2;  -3.2;  42.67;    3;    60.5;   14.0;eor
        430;20171201;20171231;    3;  6.86;   3.70;    5.83;    1.15;    3.19;  12.5;  19.7;  -2.8;  30.37;    3;    34.3;    6.7;eor
        430;20180101;20180131;    3;  6.85;   3.65;    5.69;    1.44;    3.10;  12.2;  20.9;  -4.5;  25.93;    3;    64.5;   12.9;eor
        430;20180201;20180228;    3;  4.36;  -0.82;    2.61;   -4.41;    2.25;   7.5;  14.4; -14.6; 136.00;    3;     2.7;    1.3;eor
        430;20180301;20180331;    3;  5.62;   1.95;    5.67;   -1.87;    2.61;  16.5;  17.0; -12.4; 119.65;    3;    48.9;   15.0;eor
        430;20180401;20180430;    3;  4.29;  13.79;   19.57;    7.31;    2.67;  27.5;  22.6;  -1.0; 244.93;    3;    35.6;   19.7;eor
        430;20180501;20180531;    3;  3.08;  18.15;   23.96;   11.36;    2.48;  31.8;  16.6;   2.9; 342.28;    3;    30.2;   25.8;eor
        430;20180601;20180630;    3;  4.83;  19.35;   25.01;   14.17;    2.50;  31.6;  17.8;   9.5; 216.00;    3;    33.2;   16.5;eor
        430;20180701;20180731;    3;  3.59;  21.63;   27.58;   14.95;    2.26;  35.4;  14.2;   9.3; 313.83;    3;    62.0;   25.5;eor
        430;20180801;20180831;    3;  3.94;  21.73;   27.58;   15.44;    2.45;  37.7;  18.5;   8.6; 269.48;    3;     6.8;    3.2;eor
        430;20180901;20180930;    3;  4.57;  16.76;   22.81;   10.80;    2.37;  30.7;  24.2;   2.0; 197.23;    3;    20.8;   14.8;eor
        430;20181001;20181031;    3;  4.26;  11.55;   16.57;    6.03;    2.61;  25.6;  18.9;   0.9; 162.93;    3;    16.3;    6.8;eor
        430;20181101;20181130;    3;  5.81;   5.78;    8.40;    2.95;    2.30;  17.5;  15.3;  -5.3;  56.20;    3;    15.0;    6.9;eor
        430;20181201;20181231;    3;  7.18;   4.72;    6.74;    2.68;    2.84;  13.5;  18.5;  -1.4;  14.67;    3;    48.1;    8.4;eor
